735,255,1035,255,1035,299,735,299
612,439,739,439,739,498,612,498
197,607,787,607,787,672,197,672
1142,28,1190,28,1190,60,1142,60
671,370,852,370,852,405,671,405
992,676,1395,676,1395,735,992,735
513,176,931,176,931,238,513,238
940,432,1080,432,1080,467,940,467
1037,207,1221,207,1221,266,1037,266
127,584,195,584,195,634,127,634
239,493,523,493,523,555,239,555
983,316,1431,316,1431,378,983,378
619,39,820,39,820,77,619,77
1109,542,1351,542,1351,592,1109,592
918,562,988,562,988,594,918,594
252,341,289,341,289,391,252,391
355,60,561,60,561,122,355,122
1229,75,1496,75,1496,128,1229,128
359,137,509,137,509,193,359,193
867,632,1241,632,1241,676,867,676
