497,399,689,399,689,458,497,458
842,493,975,493,975,528,842,528
181,188,305,188,305,238,181,238
439,267,935,267,935,329,439,329
1166,497,1569,497,1569,553,1166,553
282,625,645,625,645,669,282,669
705,149,728,149,728,190,705,190
735,88,868,88,868,123,735,123
1198,281,1284,281,1284,319,1198,319
418,337,838,337,838,393,418,393
383,510,423,510,423,575,383,575
156,431,386,431,386,484,156,484
1220,33,1713,33,1713,89,1220,89
825,9,973,9,973,68,825,68
2,616,148,616,148,657,2,657
941,308,1059,308,1059,352,941,352
443,674,863,674,863,736,443,736
805,188,1143,188,1143,253,805,253
486,495,828,495,828,539,486,539
1108,498,1137,498,1137,542,1108,542
