915,633,1141,633,1141,686,915,686
111,570,324,570,324,614,111,614
1168,315,1605,315,1605,368,1168,368
71,62,291,62,291,103,71,103
466,387,576,387,576,433,466,433
1074,114,1436,114,1436,155,1074,155
1076,404,1463,404,1463,460,1076,460
1113,540,1479,540,1479,584,1113,584
560,74,598,74,598,130,560,130
753,600,873,600,873,638,753,638
355,501,592,501,592,554,355,554
385,616,609,616,609,654,385,654
56,118,449,118,449,171,56,171
927,339,969,339,969,398,927,398
983,135,1034,135,1034,194,983,194
631,316,891,316,891,381,631,381
176,393,452,393,452,434,176,434
695,463,989,463,989,519,695,519
888,550,976,550,976,596,888,596
506,30,753,30,753,74,506,74
