724,37,849,37,849,87,724,87
585,569,683,569,683,607,585,607
489,508,763,508,763,549,489,549
30,270,186,270,186,302,30,302
529,409,567,409,567,468,529,468
1041,640,1485,640,1485,690,1041,690
721,203,954,203,954,235,721,235
1013,421,1235,421,1235,453,1013,453
441,664,725,664,725,705,441,705
448,341,786,341,786,379,448,379
967,67,1199,67,1199,117,967,117
825,304,871,304,871,342,825,342
799,237,961,237,961,272,799,272
107,630,394,630,394,676,107,676
514,118,550,118,550,177,514,177
828,454,1078,454,1078,492,828,492
1077,229,1498,229,1498,279,1077,279
849,375,1063,375,1063,421,849,421
1032,585,1056,585,1056,617,1032,617
1102,362,1514,362,1514,418,1102,418
