727,447,754,447,754,491,727,491
661,226,852,226,852,291,661,291
225,371,488,371,488,421,225,421
199,176,420,176,420,229,199,229
1176,493,1684,493,1684,555,1176,555
1106,569,1692,569,1692,634,1106,634
268,259,371,259,371,300,268,300
72,255,177,255,177,311,72,311
1102,130,1174,130,1174,192,1102,192
93,420,195,420,195,466,93,466
834,459,1108,459,1108,497,834,497
92,575,320,575,320,613,92,613
805,561,996,561,996,607,805,607
553,47,811,47,811,106,553,106
340,451,644,451,644,495,340,495
379,538,621,538,621,570,379,570
949,401,1125,401,1125,447,949,447
169,36,227,36,227,68,169,68
1218,366,1359,366,1359,416,1218,416
619,346,805,346,805,381,619,381
