1048,18,1422,18,1422,64,1048,64
299,512,483,512,483,574,299,574
704,654,845,654,845,704,704,704
784,426,1124,426,1124,479,784,479
1031,551,1260,551,1260,616,1031,616
1047,346,1144,346,1144,384,1047,384
705,214,820,214,820,270,705,270
964,618,1394,618,1394,671,964,671
489,376,510,376,510,411,489,411
359,49,399,49,399,108,359,108
373,574,555,574,555,609,373,609
765,567,954,567,954,605,765,605
772,64,981,64,981,123,772,123
209,309,761,309,761,374,209,374
606,505,941,505,941,551,606,551
505,505,595,505,595,551,505,551
914,216,1385,216,1385,275,914,275
58,591,136,591,136,647,58,647
19,606,42,606,42,647,19,647
210,438,233,438,233,473,210,473
