541,137,1016,137,1016,190,541,190
330,380,493,380,493,424,330,424
422,469,840,469,840,531,422,531
168,650,461,650,461,694,168,694
122,174,305,174,305,239,122,239
1097,54,1441,54,1441,113,1097,113
1109,633,1201,633,1201,679,1109,679
658,661,1065,661,1065,705,658,705
584,586,725,586,725,639,584,639
453,122,479,122,479,160,453,160
811,206,1060,206,1060,262,811,262
882,529,1300,529,1300,594,882,594
965,366,1514,366,1514,425,965,425
119,295,734,295,734,360,119,360
235,30,433,30,433,62,235,62
558,84,640,84,640,128,558,128
69,152,111,152,111,211,69,211
266,545,398,545,398,586,266,586
378,194,712,194,712,240,378,240
1221,251,1466,251,1466,307,1221,307
