344,301,461,301,461,339,344,339
64,413,467,413,467,469,64,469
615,260,936,260,936,325,615,325
626,119,867,119,867,163,626,163
905,434,1124,434,1124,469,905,469
205,510,486,510,486,575,205,575
506,669,534,669,534,719,506,719
1123,358,1620,358,1620,414,1123,414
610,471,805,471,805,515,610,515
479,325,624,325,624,378,479,378
42,603,285,603,285,659,42,659
772,633,1145,633,1145,677,772,677
769,42,1049,42,1049,104,769,104
648,170,1230,170,1230,235,648,235
536,564,1147,564,1147,629,536,629
417,142,448,142,448,186,417,186
186,32,471,32,471,67,186,67
19,211,274,211,274,270,19,270
1078,104,1291,104,1291,142,1078,142
942,500,1028,500,1028,544,942,544
