1042,82,1204,82,1204,138,1042,138
505,52,568,52,568,93,505,93
837,612,1049,612,1049,674,837,674
728,261,874,261,874,317,728,317
285,151,540,151,540,183,285,183
887,417,1113,417,1113,461,887,461
1147,419,1210,419,1210,472,1147,472
1159,249,1365,249,1365,314,1159,314
630,44,748,44,748,82,630,82
302,625,386,625,386,678,302,678
416,652,747,652,747,711,416,711
817,472,1012,472,1012,510,817,510
1167,557,1312,557,1312,622,1167,622
239,455,683,455,683,517,239,517
713,189,954,189,954,224,713,224
187,35,439,35,439,73,187,73
24,107,64,107,64,151,24,151
971,150,1302,150,1302,209,971,209
1175,12,1349,12,1349,74,1175,74
297,197,492,197,492,229,297,229
