98,151,192,151,192,197,98,197
1042,385,1138,385,1138,420,1042,420
979,45,1235,45,1235,86,979,86
479,530,605,530,605,565,479,565
1140,368,1203,368,1203,400,1140,400
961,636,1362,636,1362,701,961,701
460,655,497,655,497,705,460,705
1219,229,1520,229,1520,264,1219,264
660,453,698,453,698,499,660,499
726,57,875,57,875,89,726,89
21,262,117,262,117,318,21,318
228,256,660,256,660,318,228,318
612,694,803,694,803,726,612,726
989,162,1323,162,1323,227,989,227
1164,507,1430,507,1430,560,1164,560
505,165,963,165,963,227,505,227
147,632,361,632,361,664,147,664
437,397,580,397,580,447,437,447
463,66,682,66,682,110,463,110
1197,439,1429,439,1429,480,1197,480
