1174,651,1287,651,1287,697,1174,697
609,349,626,349,626,395,609,395
419,307,707,307,707,345,419,345
699,177,950,177,950,209,699,209
939,327,1218,327,1218,365,939,365
136,643,519,643,519,696,136,696
1098,474,1498,474,1498,520,1098,520
252,75,456,75,456,113,252,113
355,358,486,358,486,404,355,404
649,670,903,670,903,711,649,711
595,228,858,228,858,269,595,269
87,688,107,688,107,720,87,720
602,19,753,19,753,75,602,75
131,373,270,373,270,429,131,429
563,402,810,402,810,452,563,452
748,491,1088,491,1088,547,748,547
829,102,1199,102,1199,148,829,148
988,253,1374,253,1374,306,988,306
918,612,1041,612,1041,653,918,653
131,496,298,496,298,540,131,540
