325,521,750,521,750,567,325,567
497,396,865,396,865,446,497,446
613,231,1065,231,1065,284,613,284
390,82,657,82,657,135,390,135
377,212,510,212,510,250,377,250
825,571,1241,571,1241,630,825,630
529,264,571,264,571,320,529,320
1097,353,1523,353,1523,418,1097,418
537,655,952,655,952,699,537,699
853,286,1205,286,1205,348,853,348
145,243,217,243,217,293,145,293
980,517,1331,517,1331,561,980,561
302,567,633,567,633,611,302,611
85,610,149,610,149,660,85,660
577,458,798,458,798,493,577,493
1212,678,1383,678,1383,734,1212,734
871,20,1261,20,1261,73,871,73
921,83,1209,83,1209,145,921,145
1008,434,1042,434,1042,484,1008,484
428,140,748,140,748,184,428,184
