841,621,1441,621,1441,686,841,686
713,570,857,570,857,616,713,616
319,627,811,627,811,683,319,683
955,404,1520,404,1520,469,955,469
35,297,108,297,108,335,35,335
312,542,452,542,452,604,312,604
484,224,604,224,604,262,484,262
791,482,827,482,827,538,791,538
716,185,1211,185,1211,241,716,241
386,298,694,298,694,339,386,339
218,444,455,444,455,494,218,494
798,329,1172,329,1172,394,798,394
90,544,232,544,232,600,90,600
624,415,781,415,781,447,624,447
7,683,230,683,230,721,7,721
1049,518,1393,518,1393,583,1049,583
251,323,365,323,365,358,251,358
741,55,834,55,834,105,741,105
139,358,474,358,474,408,139,408
124,188,478,188,478,226,124,226
