671,218,767,218,767,271,671,271
649,143,813,143,813,181,649,181
627,604,883,604,883,639,627,639
1186,77,1272,77,1272,142,1186,142
537,112,608,112,608,147,537,147
401,485,473,485,473,523,401,523
1123,579,1405,579,1405,617,1123,617
750,400,1151,400,1151,465,750,465
144,274,182,274,182,336,144,336
1127,213,1659,213,1659,275,1127,275
631,273,869,273,869,329,631,329
549,508,773,508,773,543,549,543
140,419,468,419,468,472,140,472
1205,645,1523,645,1523,683,1205,683
129,351,654,351,654,416,129,416
749,693,1014,693,1014,725,749,725
42,145,185,145,185,191,42,191
1134,290,1525,290,1525,331,1134,331
994,475,1292,475,1292,510,994,510
301,51,515,51,515,116,301,116
