11,459,274,459,274,515,11,515
763,523,845,523,845,573,763,573
561,682,779,682,779,717,561,717
562,558,668,558,668,611,562,611
123,389,681,389,681,454,123,454
266,687,320,687,320,731,266,731
902,558,1316,558,1316,623,902,623
744,445,1081,445,1081,498,744,498
668,235,748,235,748,276,668,276
848,323,1034,323,1034,355,848,355
646,114,779,114,779,170,646,170
976,66,1331,66,1331,122,976,122
923,680,983,680,983,712,923,712
1183,433,1393,433,1393,498,1183,498
356,311,665,311,665,349,356,349
483,222,572,222,572,268,483,268
135,187,361,187,361,249,135,249
102,559,524,559,524,605,102,605
237,629,692,629,692,679,237,679
1215,141,1271,141,1271,173,1215,173
