194,663,365,663,365,704,194,704
1165,527,1266,527,1266,580,1165,580
310,263,534,263,534,322,310,322
353,526,815,526,815,588,353,588
1145,361,1285,361,1285,402,1145,402
466,190,750,190,750,236,466,236
468,407,714,407,714,453,468,453
729,434,1107,434,1107,484,729,484
971,680,1293,680,1293,736,971,736
33,190,331,190,331,255,33,255
931,253,1087,253,1087,291,931,291
945,56,1163,56,1163,97,945,97
951,610,1301,610,1301,648,951,648
249,406,369,406,369,465,249,465
1100,291,1307,291,1307,347,1100,347
1209,99,1289,99,1289,158,1209,158
773,290,811,290,811,355,773,355
101,624,352,624,352,659,101,659
1076,185,1460,185,1460,231,1076,231
980,125,1167,125,1167,181,980,181
