148,117,311,117,311,158,148,158
195,380,327,380,327,415,195,415
161,634,285,634,285,678,161,678
1028,399,1273,399,1273,455,1028,455
526,575,988,575,988,640,526,640
1107,671,1415,671,1415,724,1107,724
834,677,883,677,883,712,834,712
871,270,1243,270,1243,311,871,311
522,354,802,354,802,392,522,392
140,464,322,464,322,499,140,499
167,178,545,178,545,219,167,219
120,686,430,686,430,732,120,732
501,78,565,78,565,128,501,128
959,62,1246,62,1246,121,959,121
323,640,671,640,671,681,323,681
1205,548,1634,548,1634,601,1205,601
471,487,623,487,623,549,471,549
981,153,1209,153,1209,199,981,199
591,274,779,274,779,320,591,320
126,587,240,587,240,622,126,622
