921,531,1194,531,1194,596,921,596
121,113,257,113,257,175,121,175
176,300,380,300,380,338,176,338
337,104,371,104,371,163,337,163
220,33,354,33,354,98,220,98
1207,93,1523,93,1523,139,1207,139
125,436,220,436,220,468,125,468
1111,672,1298,672,1298,728,1111,728
716,273,1002,273,1002,338,716,338
847,445,1341,445,1341,504,847,504
218,628,644,628,644,674,218,674
1147,200,1362,200,1362,235,1147,235
1047,325,1437,325,1437,371,1047,371
455,323,653,323,653,358,455,358
652,105,1109,105,1109,161,652,161
832,9,910,9,910,71,832,71
251,677,369,677,369,723,251,723
1075,25,1391,25,1391,71,1075,71
16,214,84,214,84,260,16,260
517,9,805,9,805,71,517,71
