287,481,541,481,541,534,287,534
1196,585,1688,585,1688,644,1196,644
871,618,972,618,972,674,871,674
1065,164,1305,164,1305,217,1065,217
657,427,773,427,773,489,657,489
410,587,441,587,441,637,410,637
1089,76,1327,76,1327,129,1089,129
70,416,553,416,553,481,70,481
108,349,275,349,275,395,108,395
896,269,1278,269,1278,315,896,315
148,247,540,247,540,306,148,306
46,71,186,71,186,112,46,112
273,306,435,306,435,338,273,338
809,88,988,88,988,120,809,120
497,330,981,330,981,392,497,392
269,156,596,156,596,194,269,194
0,659,178,659,178,715,0,715
784,45,802,45,802,77,784,77
320,648,521,648,521,701,320,701
293,54,674,54,674,104,293,104
