26,338,254,338,254,391,26,391
1037,480,1227,480,1227,515,1037,515
469,164,836,164,836,223,469,223
888,375,1092,375,1092,428,888,428
42,436,208,436,208,480,42,480
869,93,1094,93,1094,149,869,149
922,496,994,496,994,558,922,558
510,486,757,486,757,536,510,536
207,616,737,616,737,678,207,678
560,307,732,307,732,339,560,339
1170,604,1534,604,1534,666,1170,666
1162,32,1263,32,1263,64,1162,64
1044,166,1611,166,1611,231,1044,231
1188,546,1685,546,1685,602,1188,602
773,694,842,694,842,732,773,732
702,245,845,245,845,298,702,298
308,584,444,584,444,616,308,616
282,290,546,290,546,334,282,334
1160,263,1655,263,1655,316,1160,316
548,375,836,375,836,413,548,413
