389,205,715,205,715,243,389,243
1211,76,1469,76,1469,114,1211,114
150,221,298,221,298,280,150,280
1140,312,1303,312,1303,353,1140,353
1220,579,1282,579,1282,617,1220,617
1115,508,1363,508,1363,570,1115,570
942,14,1434,14,1434,70,942,70
799,579,1038,579,1038,614,799,614
42,307,199,307,199,342,42,342
125,610,355,610,355,663,125,663
379,264,699,264,699,326,379,326
195,35,555,35,555,91,195,91
341,495,455,495,455,530,341,530
275,665,535,665,535,724,275,724
534,457,809,457,809,492,534,492
1016,229,1398,229,1398,275,1016,275
47,67,191,67,191,108,47,108
954,659,1483,659,1483,724,954,724
627,540,656,540,656,586,627,586
1174,144,1235,144,1235,176,1174,176
