81,486,177,486,177,536,81,536
1061,603,1442,603,1442,656,1061,656
385,501,541,501,541,545,385,545
925,563,959,563,959,616,925,616
283,218,629,218,629,277,283,277
180,370,369,370,369,408,180,408
35,588,377,588,377,641,35,641
162,279,187,279,187,314,162,314
921,692,1112,692,1112,727,921,727
254,659,471,659,471,718,254,718
705,247,970,247,970,282,705,282
902,409,1262,409,1262,450,902,450
1072,270,1304,270,1304,320,1072,320
1005,47,1201,47,1201,100,1005,100
415,353,907,353,907,406,415,406
356,301,477,301,477,339,356,339
740,51,866,51,866,110,740,110
26,678,189,678,189,713,26,713
68,94,96,94,96,156,68,156
518,561,593,561,593,593,518,593
