87,451,139,451,139,489,87,489
666,469,857,469,857,534,666,534
797,659,1020,659,1020,691,797,691
176,452,275,452,275,511,176,511
191,627,268,627,268,662,191,662
23,82,533,82,533,144,23,144
383,681,501,681,501,716,383,716
1151,549,1615,549,1615,608,1151,608
671,258,814,258,814,304,671,304
170,343,186,343,186,396,170,396
692,365,795,365,795,424,692,424
384,34,401,34,401,80,384,80
648,157,897,157,897,216,648,216
603,336,650,336,650,382,603,382
990,21,1142,21,1142,80,990,80
118,277,399,277,399,333,118,333
1068,147,1260,147,1260,193,1068,193
472,28,541,28,541,66,472,66
1103,468,1123,468,1123,500,1103,500
1180,238,1292,238,1292,297,1180,297
