1101,549,1445,549,1445,599,1101,599
1177,480,1307,480,1307,545,1177,545
222,131,600,131,600,184,222,184
711,487,1053,487,1053,549,711,549
211,645,593,645,593,707,211,707
1022,344,1623,344,1623,409,1022,409
607,460,699,460,699,516,607,516
886,243,1018,243,1018,308,886,308
762,394,923,394,923,435,762,435
869,668,1376,668,1376,727,869,727
1219,230,1676,230,1676,286,1219,286
44,554,281,554,281,592,44,592
204,506,534,506,534,544,204,544
522,61,762,61,762,93,522,93
181,353,265,353,265,403,181,403
902,601,1254,601,1254,654,902,654
703,143,1081,143,1081,193,703,193
92,435,436,435,436,481,92,481
781,196,1077,196,1077,231,781,231
843,62,1205,62,1205,124,843,124
