108,251,522,251,522,295,108,295
540,686,568,686,568,724,540,724
222,638,522,638,522,697,222,697
322,464,372,464,372,499,322,499
651,222,878,222,878,263,651,263
937,520,1133,520,1133,570,937,570
1224,558,1314,558,1314,608,1224,608
190,520,529,520,529,561,190,561
19,183,65,183,65,248,19,248
577,336,949,336,949,386,577,386
145,376,388,376,388,420,145,420
67,598,101,598,101,660,67,660
623,275,764,275,764,328,623,328
809,447,840,447,840,488,809,488
736,593,787,593,787,634,736,634
424,412,807,412,807,458,424,458
929,648,1469,648,1469,707,929,707
182,157,483,157,483,210,182,210
1199,220,1393,220,1393,282,1199,282
1199,325,1295,325,1295,381,1199,381
