188,548,340,548,340,592,188,592
986,284,1041,284,1041,337,986,337
508,458,760,458,760,496,508,496
1130,496,1170,496,1170,561,1130,561
254,200,486,200,486,232,254,232
851,405,1159,405,1159,467,851,467
332,276,655,276,655,322,332,322
545,160,896,160,896,225,545,225
275,670,718,670,718,726,275,726
1006,639,1581,639,1581,704,1006,704
972,82,1198,82,1198,141,972,141
1010,228,1431,228,1431,278,1010,278
1042,471,1080,471,1080,527,1042,527
805,609,830,609,830,647,805,647
818,65,869,65,869,106,818,106
40,42,78,42,78,104,40,104
691,605,746,605,746,646,691,646
530,350,917,350,917,394,530,394
1164,146,1519,146,1519,211,1164,211
785,240,836,240,836,272,785,272
