1124,389,1156,389,1156,435,1124,435
127,544,593,544,593,597,127,597
282,44,538,44,538,94,282,94
397,387,673,387,673,449,397,449
1095,155,1426,155,1426,211,1095,211
1030,634,1108,634,1108,696,1030,696
959,515,1269,515,1269,571,959,571
148,151,228,151,228,192,148,192
452,117,700,117,700,179,452,179
306,290,573,290,573,343,306,343
427,209,540,209,540,244,427,244
276,454,480,454,480,519,276,519
195,632,386,632,386,667,195,667
808,268,1068,268,1068,327,808,327
620,625,798,625,798,690,620,690
976,216,1330,216,1330,254,976,254
1166,74,1530,74,1530,120,1166,120
736,327,845,327,845,368,736,368
1109,305,1332,305,1332,337,1109,337
18,104,292,104,292,150,18,150
