797,82,998,82,998,120,797,120
809,600,954,600,954,638,809,638
513,189,675,189,675,235,513,235
748,98,766,98,766,160,748,160
726,658,928,658,928,690,726,690
199,428,547,428,547,466,199,466
491,346,556,346,556,392,491,392
260,537,356,537,356,590,260,590
1206,33,1613,33,1613,89,1206,89
1108,546,1498,546,1498,599,1108,599
1085,264,1539,264,1539,329,1085,329
1076,646,1498,646,1498,708,1076,708
548,296,828,296,828,334,548,334
957,200,1068,200,1068,241,957,241
1227,453,1456,453,1456,509,1227,509
1129,387,1410,387,1410,433,1129,433
37,501,180,501,180,560,37,560
318,605,787,605,787,655,318,655
767,462,1077,462,1077,521,767,521
432,122,482,122,482,168,432,168
