456,180,643,180,643,224,456,224
496,500,1004,500,1004,562,496,562
395,643,695,643,695,681,395,681
640,343,881,343,881,399,640,399
355,573,643,573,643,617,355,617
1031,278,1457,278,1457,328,1031,328
856,248,946,248,946,294,856,294
979,415,1001,415,1001,453,979,453
756,168,790,168,790,227,756,227
695,438,760,438,760,473,695,473
1205,464,1249,464,1249,529,1205,529
430,82,560,82,560,144,430,144
352,387,439,387,439,422,352,422
771,28,1227,28,1227,90,771,90
172,44,415,44,415,97,172,97
356,270,633,270,633,326,356,326
1186,221,1500,221,1500,271,1186,271
809,657,1027,657,1027,701,809,701
1198,332,1738,332,1738,397,1198,397
977,112,1144,112,1144,158,977,158
