160,477,413,477,413,515,160,515
1079,299,1106,299,1106,340,1079,340
358,423,637,423,637,455,358,455
895,95,1028,95,1028,145,895,145
209,653,483,653,483,688,209,688
525,505,1096,505,1096,570,525,570
18,141,136,141,136,176,18,176
1170,97,1446,97,1446,153,1170,153
151,368,335,368,335,406,151,406
1208,334,1599,334,1599,399,1208,399
226,67,407,67,407,99,226,99
805,677,996,677,996,733,805,733
707,129,817,129,817,175,707,175
606,202,929,202,929,261,606,261
374,285,650,285,650,347,374,347
134,621,352,621,352,653,134,653
667,591,1109,591,1109,644,667,644
677,23,1088,23,1088,79,677,79
985,265,1048,265,1048,297,985,297
173,150,205,150,205,200,173,200
