475,314,534,314,534,346,475,346
1,80,151,80,151,139,1,139
905,456,1048,456,1048,488,905,488
8,519,44,519,44,569,8,569
235,249,337,249,337,281,235,281
898,640,1224,640,1224,702,898,702
1065,393,1283,393,1283,425,1065,425
36,584,160,584,160,646,36,646
1065,141,1271,141,1271,173,1065,173
401,108,595,108,595,143,401,143
1048,331,1491,331,1491,387,1048,387
448,517,894,517,894,570,448,570
553,176,805,176,805,217,553,217
278,698,510,698,510,730,278,730
234,398,473,398,473,433,234,433
518,605,850,605,850,655,518,655
398,666,593,666,593,698,398,698
1153,57,1297,57,1297,89,1153,89
71,28,182,28,182,63,71,63
877,159,976,159,976,197,877,197
