34,380,190,380,190,415,34,415
1162,64,1200,64,1200,123,1162,123
485,340,1075,340,1075,405,485,405
1052,608,1275,608,1275,649,1052,649
710,19,867,19,867,72,710,72
39,463,183,463,183,509,39,509
1173,541,1657,541,1657,597,1173,597
23,95,132,95,132,130,23,130
38,317,277,317,277,352,38,352
309,277,637,277,637,318,309,318
266,681,529,681,529,716,266,716
735,200,837,200,837,241,735,241
634,472,1100,472,1100,531,634,531
846,206,875,206,875,259,846,259
607,652,1123,652,1123,714,607,714
335,567,664,567,664,626,335,626
1107,366,1645,366,1645,425,1107,425
284,503,369,503,369,538,284,538
232,128,647,128,647,178,232,178
1197,150,1590,150,1590,209,1197,209
