802,655,912,655,912,701,802,701
66,495,159,495,159,533,66,533
1052,577,1497,577,1497,642,1052,642
1021,653,1309,653,1309,688,1021,688
494,315,738,315,738,365,494,365
219,581,792,581,792,646,219,646
704,45,1041,45,1041,98,704,98
1045,392,1131,392,1131,427,1045,427
1145,323,1590,323,1590,382,1145,382
399,20,478,20,478,76,399,76
299,274,487,274,487,324,299,324
112,204,213,204,213,257,112,257
1088,34,1246,34,1246,93,1088,93
811,333,1103,333,1103,383,811,383
1148,394,1614,394,1614,459,1148,459
84,414,491,414,491,470,84,470
415,671,727,671,727,706,415,706
502,217,794,217,794,263,502,263
107,547,180,547,180,600,107,600
598,506,969,506,969,559,598,559
