980,469,1186,469,1186,501,980,501
866,341,1068,341,1068,403,866,403
671,221,839,221,839,277,671,277
162,341,364,341,364,387,162,387
425,619,633,619,633,657,425,657
169,390,657,390,657,446,169,446
374,481,466,481,466,527,374,527
744,543,969,543,969,608,744,608
107,548,453,548,453,613,107,613
175,613,383,613,383,659,175,659
694,642,750,642,750,674,694,674
658,113,904,113,904,178,658,178
28,182,64,182,64,238,28,238
1125,504,1333,504,1333,548,1125,548
127,187,343,187,343,219,127,219
137,252,567,252,567,308,137,308
1199,335,1539,335,1539,388,1199,388
727,419,977,419,977,475,727,475
1148,388,1375,388,1375,432,1148,432
956,204,1239,204,1239,242,956,242
