927,72,1279,72,1279,131,927,131
1120,195,1515,195,1515,248,1120,248
1114,599,1204,599,1204,664,1114,664
203,23,338,23,338,76,203,76
494,479,526,479,526,525,494,525
89,267,264,267,264,299,89,299
388,297,451,297,451,356,388,356
643,651,670,651,670,692,643,692
871,593,964,593,964,628,871,628
973,356,1025,356,1025,412,973,412
172,449,330,449,330,511,172,511
880,259,1137,259,1137,291,880,291
177,323,380,323,380,358,177,358
275,618,517,618,517,664,275,664
1054,137,1153,137,1153,193,1054,193
999,34,1074,34,1074,66,999,66
121,159,209,159,209,209,121,209
423,31,511,31,511,72,423,72
846,483,1055,483,1055,518,846,518
1225,148,1283,148,1283,194,1225,194
