205,94,409,94,409,138,205,138
536,257,771,257,771,289,536,289
30,333,246,333,246,377,30,377
1183,502,1432,502,1432,561,1183,561
1108,70,1402,70,1402,126,1108,126
579,291,733,291,733,326,579,326
288,224,359,224,359,259,288,259
337,47,365,47,365,93,337,93
141,561,258,561,258,611,141,611
1178,399,1422,399,1422,431,1178,431
593,606,694,606,694,665,593,665
510,327,958,327,958,383,510,383
575,421,727,421,727,465,575,465
1171,209,1581,209,1581,262,1171,262
1150,652,1595,652,1595,702,1150,702
540,544,792,544,792,576,540,576
878,139,1418,139,1418,204,878,204
796,551,847,551,847,592,796,592
963,417,1057,417,1057,461,963,461
54,480,282,480,282,533,54,533
