18,48,212,48,212,107,18,107
1158,461,1293,461,1293,505,1158,505
658,209,941,209,941,253,658,253
1175,82,1393,82,1393,128,1175,128
316,83,455,83,455,121,316,121
651,476,1054,476,1054,529,651,529
216,580,609,580,609,639,216,639
707,317,961,317,961,361,707,361
528,43,885,43,885,96,528,96
1049,202,1347,202,1347,240,1049,240
61,250,229,250,229,296,61,296
971,134,1416,134,1416,190,971,190
325,454,439,454,439,495,325,495
302,305,554,305,554,361,302,361
955,30,1069,30,1069,92,955,92
643,531,843,531,843,590,643,590
559,211,599,211,599,273,559,273
909,399,1161,399,1161,434,909,434
1121,667,1390,667,1390,732,1121,732
8,379,205,379,205,423,8,423
