445,379,661,379,661,441,445,441
608,518,977,518,977,562,608,562
56,497,196,497,196,538,56,538
506,545,587,545,587,583,506,583
1078,472,1101,472,1101,504,1078,504
682,332,725,332,725,364,682,364
706,36,782,36,782,92,706,92
82,541,284,541,284,587,82,587
1023,354,1268,354,1268,404,1023,404
878,231,1160,231,1160,275,878,275
128,174,290,174,290,206,128,206
428,105,654,105,654,140,428,140
283,46,669,46,669,92,283,92
1198,74,1295,74,1295,130,1198,130
238,402,260,402,260,434,238,434
227,461,437,461,437,526,227,526
1128,621,1369,621,1369,662,1128,662
557,308,603,308,603,373,557,373
1184,568,1549,568,1549,609,1184,609
715,645,1015,645,1015,710,715,710
