336,178,674,178,674,222,336,222
905,80,981,80,981,142,905,142
196,681,340,681,340,731,196,731
1012,209,1200,209,1200,268,1012,268
406,449,666,449,666,484,406,484
190,493,335,493,335,546,190,546
1110,32,1406,32,1406,97,1110,97
873,183,895,183,895,215,873,215
62,603,251,603,251,653,62,653
1107,168,1247,168,1247,206,1107,206
394,389,652,389,652,421,394,421
1003,581,1072,581,1072,619,1003,619
523,651,629,651,629,710,523,710
459,228,645,228,645,281,459,281
35,391,203,391,203,423,35,423
1149,427,1176,427,1176,465,1149,465
215,125,238,125,238,160,215,160
772,302,800,302,800,334,772,334
1063,661,1256,661,1256,696,1063,696
713,235,889,235,889,267,713,267
