874,246,1220,246,1220,308,874,308
66,189,435,189,435,242,66,242
1117,469,1317,469,1317,510,1117,510
978,586,1494,586,1494,651,978,651
535,353,829,353,829,406,535,406
179,526,219,526,219,582,179,582
166,42,595,42,595,95,166,95
825,612,941,612,941,647,825,647
132,641,150,641,150,673,132,673
40,268,232,268,232,306,40,306
1006,75,1185,75,1185,121,1006,121
660,92,784,92,784,148,660,148
276,575,414,575,414,621,276,621
316,639,441,639,441,671,316,671
1220,40,1474,40,1474,72,1220,72
794,68,895,68,895,121,794,121
1125,321,1375,321,1375,362,1125,362
478,683,718,683,718,729,478,729
38,452,87,452,87,493,38,493
840,205,1118,205,1118,246,840,246
