316,333,550,333,550,383,316,383
1210,564,1648,564,1648,626,1210,626
695,460,735,460,735,516,695,516
18,446,502,446,502,496,18,496
854,292,1004,292,1004,324,854,324
565,537,977,537,977,602,565,602
546,629,952,629,952,691,546,691
752,148,1130,148,1130,198,752,198
1118,650,1504,650,1504,709,1118,709
1010,496,1363,496,1363,540,1010,540
2,207,44,207,44,239,2,239
547,63,890,63,890,113,547,113
990,327,1012,327,1012,362,990,362
109,296,293,296,293,355,109,355
1138,301,1186,301,1186,336,1138,336
902,51,1072,51,1072,104,902,104
158,128,688,128,688,187,158,187
530,200,892,200,892,262,530,262
1166,216,1510,216,1510,272,1166,272
1153,141,1601,141,1601,191,1153,191
