447,538,523,538,523,597,447,597
1110,440,1654,440,1654,505,1110,505
299,50,845,50,845,112,299,112
661,127,1065,127,1065,171,661,171
123,658,387,658,387,717,123,717
404,368,542,368,542,421,404,421
1132,86,1737,86,1737,151,1132,151
730,641,862,641,862,673,730,673
838,379,937,379,937,438,838,438
552,570,1131,570,1131,635,552,635
1067,349,1603,349,1603,411,1067,411
702,285,885,285,885,326,702,326
657,474,815,474,815,533,657,533
326,301,662,301,662,363,326,363
584,389,668,389,668,427,584,427
586,452,630,452,630,514,586,514
1181,621,1477,621,1477,659,1181,659
401,194,525,194,525,253,401,253
85,135,345,135,345,167,85,167
172,489,563,489,563,533,172,533
