516,640,755,640,755,684,516,684
111,562,230,562,230,594,111,594
1205,676,1500,676,1500,732,1205,732
92,488,153,488,153,538,92,538
7,408,306,408,306,464,7,464
113,643,423,643,423,699,113,699
139,76,345,76,345,120,139,120
636,564,670,564,670,610,636,610
206,126,404,126,404,188,206,188
894,669,1182,669,1182,710,894,710
1032,594,1286,594,1286,638,1032,638
842,540,862,540,862,572,842,572
1134,520,1294,520,1294,558,1134,558
539,457,634,457,634,507,539,507
405,292,659,292,659,336,405,336
821,301,1034,301,1034,351,821,351
1139,425,1593,425,1593,490,1139,490
531,574,629,574,629,624,531,624
689,596,714,596,714,634,689,634
1181,174,1337,174,1337,218,1181,218
