997,467,1315,467,1315,505,997,505
579,97,753,97,753,138,579,138
642,654,1136,654,1136,713,642,713
1042,568,1392,568,1392,606,1042,606
1163,302,1313,302,1313,355,1163,355
749,506,850,506,850,571,749,571
322,53,662,53,662,88,322,88
420,578,736,578,736,622,420,622
1027,64,1569,64,1569,126,1027,126
468,667,568,667,568,711,468,711
974,172,1244,172,1244,210,974,210
152,168,580,168,580,230,152,230
4,624,137,624,137,659,4,659
552,335,880,335,880,400,552,400
85,489,274,489,274,527,85,527
424,472,534,472,534,531,424,531
446,546,587,546,587,578,446,578
132,556,153,556,153,594,132,594
920,410,1150,410,1150,463,920,463
889,295,1112,295,1112,327,889,327
