25,485,213,485,213,517,25,517
795,28,1044,28,1044,87,795,87
1000,651,1077,651,1077,704,1000,704
46,642,507,642,507,698,46,698
688,291,902,291,902,347,688,347
855,397,1055,397,1055,432,855,432
439,138,924,138,924,191,439,191
1122,20,1590,20,1590,82,1122,82
11,62,326,62,326,103,11,103
55,318,103,318,103,383,55,383
221,369,269,369,269,434,221,434
1178,314,1642,314,1642,367,1178,367
725,646,977,646,977,711,725,711
1025,204,1061,204,1061,254,1025,254
739,439,1300,439,1300,498,739,498
386,387,820,387,820,433,386,433
687,541,754,541,754,600,687,600
417,234,475,234,475,296,417,296
1213,227,1557,227,1557,268,1213,268
52,555,156,555,156,608,52,608
