417,159,507,159,507,194,417,194
478,452,770,452,770,514,478,514
541,174,873,174,873,215,541,215
289,546,729,546,729,608,289,608
766,557,1142,557,1142,613,766,613
1222,257,1308,257,1308,301,1222,301
642,333,1090,333,1090,395,642,395
356,366,396,366,396,428,356,428
646,79,767,79,767,117,646,117
231,42,284,42,284,77,231,77
841,669,1058,669,1058,707,841,707
168,313,342,313,342,366,168,366
169,550,281,550,281,612,169,612
1144,75,1549,75,1549,140,1144,140
63,582,90,582,90,623,63,623
540,619,602,619,602,672,540,672
1179,412,1475,412,1475,471,1179,471
918,21,970,21,970,77,918,77
1202,308,1560,308,1560,370,1202,370
360,255,414,255,414,296,360,296
