440,545,572,545,572,589,440,589
882,373,1188,373,1188,432,882,432
19,645,103,645,103,710,19,710
830,551,1048,551,1048,589,830,589
600,135,791,135,791,170,600,170
697,293,1239,293,1239,352,697,352
694,199,940,199,940,231,694,231
112,24,323,24,323,80,112,80
1131,537,1215,537,1215,602,1131,602
532,652,574,652,574,684,532,684
1190,497,1533,497,1533,535,1190,535
551,462,665,462,665,506,551,506
842,681,1140,681,1140,731,842,731
54,379,263,379,263,425,54,425
1148,437,1426,437,1426,481,1148,481
862,457,1146,457,1146,503,862,503
1207,101,1527,101,1527,147,1207,147
381,177,481,177,481,218,381,218
8,307,302,307,302,342,8,342
713,244,938,244,938,288,713,288
