529,52,816,103,806,165,519,114
305,-9,487,43,463,136,281,82
1023,210,1115,203,1116,218,1024,225
689,238,789,240,788,272,689,269
1018,196,1093,192,1094,207,1018,211
999,242,1059,239,1059,253,999,256
1003,356,1077,358,1077,372,1002,370
1008,386,1064,386,1064,401,1007,400
9,67,72,65,73,85,9,88
1002,228,1046,225,1047,239,1003,242
1064,313,1113,312,1114,326,1064,327
1001,313,1060,312,1060,327,1001,328
1016,183,1069,181,1069,194,1017,196
1144,141,1175,137,1176,152,1146,155
1003,213,1042,212,1043,224,1004,226
1061,154,1091,150,1092,164,1062,167
1106,146,1142,141,1144,157,1108,162
993,143,1040,138,1041,152,995,157
992,186,1024,184,1024,197,993,200
