111,69,330,71,329,114,111,112
199,163,296,161,296,198,200,200
236,221,284,223,283,238,236,237
245,374,295,373,295,387,245,389
561,228,607,225,608,248,562,251
237,237,287,239,287,252,237,250
909,224,966,219,968,236,911,242
234,196,279,197,278,213,234,211
252,389,291,387,291,400,253,402
633,226,661,229,660,248,631,245
228,406,260,405,260,418,228,419
215,392,251,393,251,406,215,405
200,377,233,378,233,393,199,392
256,403,288,404,287,418,255,417
210,237,241,238,241,250,210,249
826,225,854,224,854,238,827,239
209,406,234,407,233,422,208,421
