33,54,252,66,249,118,31,106
17,376,252,351,256,389,21,414
267,348,433,335,435,372,270,385
111,108,254,119,252,143,110,133
443,52,657,48,657,79,443,83
196,409,273,399,276,422,198,432
320,53,437,51,437,78,320,80
204,446,312,433,315,452,206,466
315,492,370,482,373,497,318,507
395,477,441,467,444,482,398,492
76,422,144,413,147,441,80,450
51,106,124,109,124,134,50,132
319,390,380,383,383,405,321,412
19,431,71,426,74,451,21,457
171,453,214,447,216,464,173,470
381,385,434,379,436,396,383,401
140,415,189,408,191,433,143,439
394,400,433,397,434,412,395,416
275,397,318,391,321,414,278,420
339,427,384,420,386,434,341,442
390,416,434,410,435,426,392,432
