1169,358,1279,359,1279,395,1169,394
199,162,296,160,296,198,199,200
236,221,284,223,284,238,236,237
561,228,607,225,608,248,562,251
243,375,291,373,291,388,243,389
234,195,279,197,279,213,234,211
908,224,966,219,968,236,910,241
633,226,661,229,660,248,631,245
241,237,291,239,291,252,240,250
228,406,260,405,260,418,228,419
252,389,291,387,291,400,253,402
215,392,251,393,251,406,215,405
216,237,251,238,251,250,215,249
200,377,233,378,233,393,199,392
256,403,288,404,287,418,255,417
826,225,854,224,854,238,827,239
209,406,234,407,233,422,208,421
