477,675,798,671,799,711,477,714
24,-12,161,53,147,86,10,21
755,97,840,55,855,89,770,131
825,56,878,34,892,73,840,95
266,202,335,201,335,216,266,217
216,269,280,267,280,283,216,285
272,242,337,240,338,256,273,259
279,283,317,282,317,297,280,298
222,285,278,283,278,299,222,301
92,278,137,271,139,286,94,293
267,226,333,223,333,239,267,242
209,312,262,310,262,327,209,329
262,308,307,306,308,322,263,325
212,188,251,186,252,201,213,203
91,292,130,287,132,303,93,308
226,228,265,227,266,241,226,242
220,246,261,245,262,258,220,260
288,265,327,263,328,278,288,280
297,182,342,184,342,200,296,198
252,186,302,186,302,201,252,200
218,204,255,203,256,218,218,220
87,310,121,306,124,333,90,337
118,305,149,300,153,328,122,333
148,304,178,300,180,320,150,324
