931,268,1279,270,1278,319,931,317
308,57,401,64,400,90,306,82
805,206,875,207,874,230,805,229
149,40,207,43,206,74,148,71
303,119,413,125,413,140,302,134
54,27,112,29,111,69,53,67
53,71,140,76,139,96,53,91
147,101,206,103,205,120,147,117
77,98,133,101,132,116,77,112
5,112,54,115,53,129,4,126
152,117,211,120,211,136,151,133
-1,69,49,70,49,90,-1,89
-4,38,44,39,44,64,-5,63
211,104,257,108,256,123,210,119
0,96,38,97,38,112,0,111
562,270,603,269,604,331,563,332
105,117,154,119,153,134,104,132
40,96,76,98,76,114,40,112
77,115,109,116,109,130,77,129
138,76,163,75,164,96,139,96
