343,423,679,428,679,478,342,474
993,197,1130,185,1133,224,996,236
1129,191,1234,178,1237,204,1132,217
990,253,1085,252,1085,273,990,274
1084,248,1148,245,1149,267,1084,269
937,210,989,206,991,237,939,241
994,374,1051,377,1050,393,993,390
1035,282,1093,283,1093,301,1035,300
1106,315,1165,317,1165,333,1105,331
1092,283,1134,284,1133,303,1091,302
1025,315,1077,317,1076,331,1024,330
1047,377,1110,380,1110,396,1047,393
1177,318,1238,320,1237,334,1176,332
968,316,1034,315,1035,330,968,330
1109,378,1151,382,1150,398,1108,394
1153,382,1184,384,1183,398,1152,395
1075,315,1109,318,1108,332,1074,330
