K05hFZdE9XeRf6 216 61 121 1.2
4L2GYQ 39 104 139 1.5
nK3f78pGVYU 224 84 72 1.8
6EKGjel 87 147 61 1.2
9r7dn4S0kR 57 187 238 1.5
bCz7sBlg0SUQ 24 176 171 1.7
0CcHTY 193 16 230 1.3
YG3ik 130 42 123 1.7
JYlnPCt5I6HUi 127 6 201 2.0
Os5YkM6iCS 252 42 167 2.1
i3ZULbvtM 20 50 164 1.0
MtQL5EUaIhiX 62 201 93 1.2
a1XkTyDSmB 18 238 134 1.3
PfEG6Z7tjkQI1 183 110 241 1.3
KynObh5go 147 142 256 1.2
lRb4NpnxyTYPBag 172 1 243 1.8
bOizxucU 248 29 216 1.2
3V 103 54 150 1.3
3RGANlJ5 55 192 156 1.6
Fw4EO 156 167 26 1.2
