761, 64, 747, 30, 875, -21, 889, 12
943, 23, 943, 0, 1010, 0, 1010, 23
1015, 84, 1005, 53, 1076, 30, 1086, 62
986, 86, 984, 56, 1008, 55, 1010, 84
943, 99, 937, 72, 980, 63, 986, 89
1015, 119, 1007, 84, 1105, 61, 1113, 97
943, 133, 939, 100, 1009, 92, 1013, 125
1080, 193, 1078, 165, 1122, 162, 1124, 190
990, 203, 988, 171, 1073, 163, 1076, 196
941, 208, 939, 185, 985, 181, 987, 203
1112, 239, 1110, 196, 1279, 185, 1281, 229
1018, 240, 1017, 203, 1110, 200, 1111, 238
939, 243, 938, 216, 1016, 212, 1017, 239
929, 396, 745, 368, 759, 269, 944, 297
943, 317, 943, 293, 992, 293, 992, 317
1081, 326, 989, 319, 992, 287, 1083, 294
1267, 339, 1166, 333, 1168, 303, 1269, 309
967, 353, 943, 350, 947, 321, 971, 324
1023, 360, 967, 355, 969, 326, 1026, 331
1109, 371, 1023, 363, 1025, 335, 1112, 343
828, 487, 791, 476, 797, 456, 834, 468
884, 512, 827, 492, 835, 470, 891, 490
876, 632, 774, 575, 789, 548, 892, 604
