1090, 12, 1016, 12, 1016, 0, 1090, 0
1090, 11, 1090, 0, 1134, 0, 1134, 11
1072, 190, 1042, 190, 1042, 177, 1072, 177
739, 240, 739, 202, 898, 200, 899, 237
264, 275, 186, 266, 189, 236, 268, 245
783, 312, 783, 301, 815, 301, 815, 312
438, 337, 438, 300, 501, 300, 501, 337
798, 333, 798, 320, 850, 320, 850, 333
871, 333, 871, 320, 922, 319, 922, 332
760, 352, 760, 340, 788, 340, 788, 352
743, 363, 743, 351, 787, 350, 788, 362
777, 372, 743, 371, 743, 361, 777, 361
823, 373, 777, 371, 778, 359, 824, 361
1206, 405, 1026, 404, 1026, 353, 1207, 355
944, 410, 943, 399, 968, 398, 969, 409
770, 410, 769, 397, 796, 396, 796, 409
969, 429, 969, 406, 982, 406, 982, 429
944, 429, 944, 409, 969, 409, 969, 429
1028, 434, 1028, 401, 1207, 401, 1207, 434
387, 441, 358, 440, 358, 427, 387, 428
335, 641, 160, 632, 161, 612, 336, 621
389, 655, 387, 621, 472, 618, 473, 651
