734, 160, 734, 144, 769, 144, 769, 160
704, 162, 703, 146, 735, 145, 736, 160
648, 165, 648, 144, 688, 144, 688, 165
562, 177, 560, 149, 621, 145, 623, 173
482, 197, 482, 161, 528, 160, 529, 196
704, 181, 704, 164, 755, 163, 756, 180
623, 201, 543, 199, 544, 155, 624, 157
710, 200, 651, 198, 651, 183, 711, 185
683, 217, 649, 214, 651, 201, 684, 204
736, 219, 701, 219, 701, 204, 736, 204
769, 221, 736, 220, 737, 204, 770, 205
629, 267, 586, 259, 590, 238, 633, 245
633, 294, 578, 286, 582, 257, 638, 266
619, 301, 594, 300, 595, 286, 619, 287
