537, 248, 534, 226, 623, 213, 626, 236
153, 240, 153, 225, 218, 225, 218, 240
218, 240, 218, 225, 264, 225, 264, 240
196, 254, 195, 237, 233, 236, 234, 253
234, 253, 234, 239, 264, 239, 264, 253
156, 256, 156, 240, 195, 239, 196, 255
180, 269, 179, 253, 253, 251, 253, 267
176, 285, 175, 269, 247, 265, 247, 282
560, 300, 558, 283, 598, 277, 600, 294
181, 324, 179, 297, 245, 293, 246, 319
184, 347, 182, 320, 245, 317, 247, 344
725, 584, 445, 558, 448, 520, 729, 545
488, 582, 426, 572, 429, 557, 491, 567
631, 608, 486, 585, 489, 565, 635, 588
