614, 259, 614, 234, 702, 234, 702, 259
782, 257, 747, 256, 748, 240, 782, 242
526, 282, 504, 281, 506, 238, 528, 239
808, 257, 808, 244, 832, 244, 832, 257
505, 282, 378, 281, 378, 236, 506, 237
808, 258, 782, 257, 782, 243, 809, 244
876, 259, 876, 246, 902, 246, 902, 259
806, 269, 806, 256, 833, 256, 833, 269
779, 269, 779, 257, 806, 257, 806, 269
854, 270, 854, 257, 881, 257, 881, 270
614, 285, 613, 259, 706, 257, 707, 282
753, 281, 753, 269, 780, 269, 780, 281
813, 283, 779, 281, 780, 268, 814, 271
752, 295, 752, 282, 779, 282, 779, 295
803, 294, 803, 282, 830, 282, 830, 294
841, 296, 841, 284, 880, 284, 880, 296
880, 297, 880, 284, 904, 284, 904, 297
576, 341, 576, 320, 649, 320, 649, 341
657, 365, 566, 365, 566, 338, 657, 339
588, 378, 588, 362, 634, 362, 634, 378
