1218, 166, 1216, 147, 1275, 140, 1277, 159
1225, 179, 1223, 163, 1269, 157, 1271, 173
665, 240, 660, 193, 675, 192, 680, 239
492, 281, 482, 201, 521, 196, 531, 277
472, 262, 465, 207, 484, 205, 491, 259
680, 260, 674, 212, 687, 210, 692, 258
671, 264, 666, 240, 677, 237, 682, 262
509, 261, 489, 261, 489, 243, 509, 243
683, 285, 681, 259, 693, 258, 696, 284
482, 329, 470, 262, 489, 258, 502, 325
497, 308, 489, 260, 510, 257, 518, 305
519, 344, 511, 279, 531, 276, 540, 341
212, 342, 212, 278, 288, 278, 288, 342
498, 327, 497, 307, 516, 305, 518, 325
501, 347, 500, 326, 519, 324, 521, 345
485, 350, 482, 327, 499, 325, 502, 347
