614, 260, 614, 234, 702, 234, 702, 260
752, 256, 752, 244, 782, 244, 782, 256
505, 282, 505, 239, 527, 239, 527, 282
505, 282, 378, 281, 378, 236, 505, 237
809, 257, 809, 245, 832, 245, 832, 257
808, 259, 782, 257, 783, 244, 809, 246
877, 258, 877, 247, 902, 247, 902, 258
807, 269, 807, 257, 833, 257, 833, 269
778, 269, 778, 256, 805, 256, 805, 269
854, 270, 854, 258, 880, 258, 880, 270
614, 285, 614, 259, 707, 257, 707, 283
813, 283, 780, 281, 781, 270, 814, 272
751, 295, 751, 282, 779, 282, 779, 295
803, 295, 803, 284, 830, 284, 830, 295
880, 297, 880, 285, 916, 285, 916, 297
880, 296, 841, 295, 841, 284, 880, 285
647, 341, 577, 341, 577, 321, 648, 322
566, 365, 566, 340, 657, 340, 657, 365
632, 378, 590, 377, 590, 362, 632, 363
