993, 45, 917, 39, 920, 12, 995, 18
153, 269, 138, 92, 249, 83, 263, 260
546, 277, 534, 99, 604, 95, 616, 272
336, 141, 333, 117, 388, 110, 391, 135
338, 222, 329, 139, 455, 126, 463, 209
459, 184, 458, 134, 506, 134, 507, 183
458, 211, 458, 184, 507, 183, 508, 210
344, 284, 337, 222, 510, 200, 518, 263
518, 312, 513, 285, 577, 274, 581, 301
459, 319, 455, 292, 514, 284, 518, 311
308, 348, 304, 317, 409, 302, 414, 333
458, 343, 454, 319, 527, 306, 532, 331
208, 370, 202, 336, 304, 317, 310, 351
271, 383, 265, 353, 363, 333, 369, 363
202, 449, 194, 396, 304, 381, 312, 433
