1237, 37, 1237, 0, 1279, 0, 1279, 37
112, 66, 51, 65, 52, 26, 113, 27
41, 70, -6, 60, 0, 29, 47, 39
558, 99, 541, 82, 595, 31, 611, 48
224, 77, 116, 70, 118, 38, 227, 45
399, 91, 306, 84, 308, 58, 401, 65
0, 89, 0, 63, 47, 63, 47, 89
136, 95, 50, 90, 51, 68, 137, 73
140, 94, 140, 74, 161, 74, 161, 94
355, 102, 322, 100, 323, 85, 356, 87
37, 111, 0, 110, 0, 95, 37, 96
70, 113, 39, 110, 40, 96, 71, 99
106, 113, 73, 112, 73, 98, 107, 98
210, 120, 144, 118, 145, 102, 210, 104
255, 123, 212, 119, 213, 103, 256, 107
50, 129, 0, 125, 0, 112, 51, 116
74, 132, 74, 116, 104, 116, 104, 132
153, 134, 103, 131, 104, 114, 154, 118
208, 136, 152, 132, 153, 117, 209, 121
411, 141, 302, 134, 302, 120, 412, 127
1270, 174, 1241, 172, 1241, 156, 1271, 157
874, 230, 801, 228, 802, 205, 875, 207
