537, 248, 534, 226, 623, 214, 626, 236
153, 240, 153, 225, 218, 225, 218, 240
218, 240, 218, 225, 264, 225, 264, 240
234, 253, 234, 239, 264, 239, 264, 253
196, 254, 195, 237, 233, 236, 233, 253
156, 256, 156, 240, 195, 238, 196, 254
181, 269, 180, 253, 253, 251, 253, 267
176, 285, 176, 268, 248, 266, 248, 283
560, 299, 558, 283, 598, 277, 600, 294
181, 324, 179, 298, 244, 292, 247, 318
184, 347, 182, 320, 245, 317, 247, 344
725, 584, 445, 558, 448, 520, 729, 546
488, 582, 426, 572, 429, 557, 491, 567
631, 608, 486, 584, 489, 565, 635, 588
