735, 160, 735, 144, 769, 144, 769, 160
704, 163, 702, 148, 735, 144, 736, 160
648, 165, 648, 147, 688, 147, 688, 165
561, 177, 559, 149, 621, 145, 623, 173
483, 200, 480, 163, 531, 158, 534, 195
704, 180, 704, 164, 756, 164, 756, 180
562, 201, 562, 172, 624, 172, 624, 201
710, 200, 650, 198, 650, 183, 711, 185
683, 216, 650, 214, 651, 201, 684, 203
736, 219, 701, 218, 701, 204, 736, 205
770, 221, 736, 220, 736, 204, 770, 205
630, 267, 586, 259, 590, 237, 634, 245
633, 294, 578, 286, 582, 257, 638, 266
618, 302, 593, 300, 594, 286, 619, 288
