1243, 100, 1242, 87, 1264, 85, 1265, 98
1213, 104, 1211, 89, 1242, 86, 1244, 101
1192, 104, 1191, 91, 1212, 89, 1213, 103
1016, 125, 1016, 111, 1046, 111, 1046, 125
463, 132, 461, 116, 490, 113, 492, 129
435, 135, 433, 121, 462, 117, 464, 131
411, 137, 410, 123, 433, 121, 434, 134
1025, 136, 1025, 123, 1062, 121, 1063, 135
1002, 140, 1000, 126, 1025, 122, 1027, 137
381, 140, 380, 127, 411, 124, 412, 137
323, 150, 321, 135, 379, 126, 382, 141
1005, 152, 1004, 138, 1060, 132, 1062, 146
216, 162, 214, 140, 304, 131, 306, 153
1018, 161, 1018, 149, 1048, 149, 1048, 161
940, 188, 939, 164, 998, 162, 999, 187
153, 272, 153, 256, 207, 256, 207, 272
214, 467, 164, 464, 165, 450, 215, 454
