1134, 216, 1131, 192, 1235, 178, 1238, 203
997, 238, 993, 199, 1128, 185, 1132, 224
941, 240, 937, 208, 988, 203, 991, 235
1083, 272, 1081, 251, 1145, 244, 1147, 265
991, 274, 990, 257, 1079, 252, 1080, 270
968, 274, 968, 261, 991, 260, 991, 273
1008, 299, 1008, 285, 1034, 285, 1034, 299
1039, 301, 1039, 285, 1090, 285, 1090, 301
1134, 305, 1093, 303, 1094, 284, 1135, 286
1026, 329, 972, 327, 972, 314, 1027, 316
1074, 331, 1027, 329, 1027, 315, 1075, 317
1106, 332, 1076, 329, 1077, 315, 1107, 318
1168, 332, 1107, 331, 1108, 316, 1168, 318
1238, 335, 1177, 333, 1177, 318, 1238, 320
995, 388, 965, 387, 966, 374, 995, 375
1047, 392, 995, 389, 995, 375, 1047, 378
1109, 395, 1049, 394, 1049, 379, 1109, 380
1150, 396, 1114, 395, 1114, 380, 1150, 381
1154, 397, 1154, 383, 1182, 383, 1182, 397
