1218, 166, 1216, 147, 1275, 140, 1277, 159
1225, 180, 1223, 164, 1269, 157, 1271, 173
664, 239, 660, 193, 675, 192, 679, 238
489, 257, 482, 201, 520, 196, 527, 252
472, 262, 465, 207, 484, 205, 491, 259
680, 259, 674, 212, 687, 210, 692, 258
671, 264, 666, 239, 678, 237, 682, 262
509, 261, 489, 261, 489, 243, 509, 243
511, 279, 508, 254, 527, 252, 530, 277
683, 285, 680, 259, 693, 257, 696, 284
482, 329, 470, 261, 490, 258, 502, 325
497, 308, 489, 260, 511, 256, 518, 304
518, 329, 510, 278, 531, 275, 538, 326
211, 341, 211, 279, 287, 279, 288, 341
498, 326, 497, 306, 516, 305, 518, 325
538, 343, 520, 343, 520, 327, 538, 327
501, 347, 499, 326, 519, 324, 521, 345
485, 350, 482, 327, 499, 324, 502, 348
