702, 260, 614, 259, 614, 234, 702, 235
752, 256, 752, 244, 782, 244, 782, 256
505, 282, 505, 239, 527, 239, 527, 282
505, 282, 378, 281, 378, 236, 505, 237
808, 259, 781, 256, 782, 244, 809, 246
809, 257, 809, 245, 832, 245, 832, 257
901, 258, 876, 258, 877, 246, 902, 247
807, 269, 807, 257, 833, 257, 833, 269
804, 271, 778, 269, 779, 256, 805, 258
880, 270, 853, 269, 854, 257, 881, 258
614, 285, 614, 259, 707, 257, 707, 283
813, 283, 780, 280, 781, 269, 814, 272
751, 294, 751, 282, 779, 282, 779, 294
803, 295, 803, 284, 830, 284, 830, 295
880, 297, 880, 285, 916, 285, 916, 297
880, 296, 841, 295, 841, 284, 880, 285
648, 341, 577, 341, 577, 321, 648, 322
566, 365, 566, 339, 657, 339, 657, 365
590, 377, 590, 362, 632, 362, 632, 377
