247, 120, 24, 102, 28, 55, 251, 73
111, 135, 54, 129, 56, 106, 114, 112
250, 145, 116, 133, 118, 107, 252, 119
269, 387, 266, 347, 432, 334, 435, 374
21, 416, 16, 375, 258, 346, 263, 388
391, 403, 388, 384, 433, 378, 435, 396
323, 412, 321, 390, 381, 385, 383, 408
278, 420, 275, 396, 316, 390, 320, 414
391, 414, 390, 398, 433, 395, 434, 412
199, 432, 196, 406, 272, 397, 275, 423
392, 431, 390, 413, 434, 408, 436, 426
144, 439, 141, 413, 190, 407, 193, 433
78, 450, 76, 422, 138, 417, 140, 445
340, 442, 338, 426, 383, 420, 385, 435
20, 456, 20, 429, 70, 429, 70, 456
302, 451, 299, 436, 318, 432, 322, 447
252, 460, 250, 443, 299, 436, 302, 452
209, 462, 207, 449, 251, 444, 252, 458
173, 468, 171, 453, 208, 449, 210, 464
321, 506, 319, 494, 369, 486, 371, 497
