1115, 40, 1110, 22, 1166, 9, 1170, 27
1108, 62, 1102, 42, 1176, 20, 1182, 40
969, 84, 965, 69, 1005, 59, 1009, 74
965, 98, 962, 81, 1014, 70, 1018, 87
1009, 145, 1004, 119, 1086, 103, 1091, 129
732, 186, 664, 180, 666, 159, 734, 165
766, 230, 760, 161, 825, 155, 831, 224
1156, 187, 1138, 184, 1143, 157, 1161, 161
973, 219, 970, 183, 999, 180, 1002, 216
911, 241, 907, 190, 972, 185, 977, 236
1149, 227, 1147, 207, 1182, 203, 1184, 223
975, 234, 975, 217, 1003, 217, 1003, 234
1253, 360, 1175, 351, 1176, 339, 1255, 348
