1218, 166, 1216, 147, 1275, 140, 1277, 159
1225, 180, 1223, 164, 1269, 157, 1271, 173
665, 240, 660, 193, 674, 192, 680, 238
489, 257, 482, 201, 520, 196, 527, 252
472, 261, 465, 207, 484, 205, 490, 259
680, 259, 674, 212, 687, 210, 692, 258
509, 261, 489, 261, 489, 243, 509, 243
671, 266, 667, 240, 678, 238, 682, 264
511, 279, 508, 254, 527, 252, 530, 277
683, 285, 680, 259, 693, 257, 696, 284
482, 329, 471, 261, 490, 258, 501, 326
497, 308, 489, 260, 511, 256, 519, 304
515, 312, 513, 277, 534, 276, 536, 310
211, 341, 211, 279, 287, 279, 288, 341
499, 327, 496, 307, 516, 305, 518, 324
518, 327, 517, 312, 536, 310, 537, 326
521, 343, 519, 327, 537, 325, 539, 341
501, 347, 499, 326, 519, 324, 521, 345
485, 350, 482, 327, 499, 325, 502, 348
