123, 82, 90, 66, 102, 43, 134, 59
199, 117, 118, 83, 130, 57, 210, 91
333, 176, 213, 124, 222, 101, 343, 153
933, 162, 931, 146, 994, 139, 996, 155
995, 156, 995, 140, 1054, 140, 1054, 156
934, 176, 932, 159, 1008, 152, 1009, 169
1059, 171, 1007, 169, 1008, 154, 1060, 157
1042, 201, 983, 201, 984, 186, 1042, 187
933, 207, 931, 193, 982, 186, 984, 200
934, 282, 933, 267, 977, 266, 978, 281
1033, 281, 977, 281, 977, 265, 1033, 266
454, 321, 454, 287, 738, 286, 738, 320
503, 435, 469, 433, 470, 419, 504, 421
