1218, 166, 1216, 146, 1275, 140, 1277, 159
1225, 179, 1223, 163, 1269, 156, 1272, 172
664, 225, 661, 195, 674, 193, 677, 223
492, 282, 482, 201, 521, 196, 530, 277
472, 261, 466, 206, 484, 204, 490, 259
681, 260, 674, 213, 685, 211, 692, 258
670, 263, 665, 225, 676, 223, 681, 261
684, 284, 679, 260, 691, 258, 696, 282
479, 305, 473, 261, 490, 259, 496, 302
497, 308, 492, 274, 513, 271, 518, 305
515, 312, 512, 279, 532, 277, 536, 310
217, 341, 217, 284, 285, 284, 285, 341
483, 329, 480, 303, 498, 301, 502, 327
498, 328, 496, 307, 516, 305, 518, 326
520, 343, 517, 312, 536, 310, 539, 342
501, 347, 499, 326, 519, 324, 521, 345
486, 349, 483, 328, 499, 326, 501, 347
