992, 45, 918, 39, 920, 12, 994, 18
153, 270, 138, 92, 249, 83, 264, 260
602, 152, 536, 151, 537, 100, 603, 101
335, 141, 332, 116, 389, 110, 391, 135
338, 222, 329, 139, 455, 126, 463, 209
459, 185, 457, 135, 505, 133, 507, 183
458, 211, 458, 183, 508, 182, 509, 210
345, 285, 336, 223, 510, 200, 518, 262
516, 309, 514, 283, 578, 277, 580, 303
459, 319, 455, 292, 514, 284, 518, 311
308, 348, 304, 317, 409, 302, 414, 333
458, 343, 453, 319, 521, 306, 525, 330
208, 370, 202, 336, 304, 317, 310, 351
271, 382, 265, 353, 363, 333, 369, 363
199, 450, 192, 397, 304, 380, 312, 433
