543, 246, 541, 225, 621, 215, 624, 237
153, 241, 153, 224, 218, 224, 218, 241
218, 240, 218, 225, 264, 225, 264, 240
196, 254, 195, 237, 234, 236, 234, 253
234, 253, 234, 239, 264, 239, 264, 253
157, 256, 156, 240, 196, 239, 196, 255
179, 269, 179, 253, 253, 251, 253, 267
176, 285, 175, 269, 244, 266, 245, 282
558, 300, 556, 281, 601, 276, 603, 295
181, 324, 179, 297, 244, 292, 246, 318
560, 320, 557, 300, 603, 294, 606, 315
560, 339, 558, 319, 606, 314, 608, 335
184, 348, 182, 321, 245, 317, 247, 344
723, 580, 441, 557, 444, 520, 726, 543
631, 608, 487, 584, 490, 564, 635, 588
1236, 658, 1236, 624, 1279, 624, 1279, 658
