454, 117, 287, 85, 303, 1, 470, 32
816, 164, 478, 106, 489, 43, 826, 100
1019, 197, 1017, 183, 1061, 179, 1063, 192
1018, 212, 1017, 197, 1083, 190, 1084, 206
1075, 221, 1074, 207, 1115, 205, 1116, 219
996, 227, 995, 212, 1074, 206, 1075, 221
1006, 241, 1006, 228, 1042, 226, 1043, 239
1003, 255, 1003, 242, 1060, 240, 1060, 253
1061, 327, 1061, 313, 1113, 312, 1113, 326
1001, 329, 1000, 314, 1060, 312, 1060, 327
1077, 372, 1006, 371, 1006, 357, 1077, 358
1008, 403, 1008, 388, 1063, 386, 1063, 401
