512, 126, 506, 53, 721, 36, 727, 109

254, 191, 254, 171, 297, 171, 297, 191

214, 238, 214, 222, 243, 222, 243, 238

273, 238, 250, 238, 250, 222, 273, 222

213, 288, 211, 242, 294, 238, 296, 284

1199, 269, 1199, 250, 1278, 250, 1278, 269

1118, 313, 1118, 280, 1175, 280, 1175, 313

1182, 311, 1182, 280, 1237, 280, 1237, 311

1246, 346, 1246, 315, 1279, 315, 1279, 346

1200, 343, 1186, 322, 1218, 302, 1231, 323

982, 438, 982, 396, 1039, 396, 1039, 438

1222, 441, 1043, 437, 1044, 394, 1223, 398

