419, 46, 388, 46, 388, 30, 419, 30

810, 170, 480, 107, 492, 43, 822, 106

122, 76, 122, 59, 159, 59, 159, 76

78, 80, 78, 60, 117, 60, 117, 80

12, 93, 9, 70, 68, 63, 71, 85

111, 102, 109, 85, 144, 81, 146, 98

76, 107, 74, 89, 98, 86, 100, 104

24, 108, 24, 94, 55, 94, 55, 108

1023, 200, 1020, 187, 1057, 179, 1060, 192

1018, 210, 1017, 194, 1084, 191, 1085, 207

1032, 224, 1031, 212, 1108, 206, 1109, 218

996, 226, 995, 216, 1028, 213, 1029, 223

1006, 239, 1006, 227, 1041, 227, 1041, 239

1004, 256, 1003, 242, 1058, 238, 1059, 252

1062, 326, 1062, 312, 1113, 312, 1113, 326

1004, 328, 1004, 314, 1059, 314, 1059, 328

1006, 371, 1006, 359, 1077, 359, 1077, 371

1022, 401, 1022, 389, 1063, 389, 1063, 401

