194, 210, 194, 154, 293, 153, 293, 209
289, 239, 222, 238, 222, 220, 289, 221
910, 241, 908, 223, 968, 219, 969, 237
828, 237, 827, 225, 852, 224, 852, 236
639, 248, 639, 228, 660, 228, 660, 248
569, 250, 567, 227, 609, 225, 610, 247
209, 249, 209, 237, 242, 236, 242, 248
288, 252, 241, 251, 241, 236, 289, 237
240, 389, 239, 375, 301, 372, 302, 386
258, 402, 258, 388, 283, 388, 283, 402
212, 406, 211, 390, 250, 388, 251, 404
259, 418, 258, 403, 286, 401, 287, 416
230, 420, 229, 404, 258, 402, 259, 418
