463, 191, 426, 189, 427, 171, 464, 172
514, 198, 470, 193, 473, 172, 517, 177
852, 211, 803, 209, 804, 193, 853, 196
1078, 233, 988, 227, 989, 207, 1080, 213
1095, 251, 961, 243, 963, 217, 1096, 225
125, 449, 88, 447, 92, 332, 129, 333
860, 401, 860, 386, 880, 386, 880, 401
943, 404, 880, 402, 880, 384, 944, 386
944, 404, 944, 387, 1003, 387, 1003, 404
349, 546, 349, 514, 405, 514, 405, 546
529, 552, 440, 549, 441, 509, 530, 512
406, 549, 404, 519, 443, 517, 445, 546
409, 570, 409, 555, 466, 554, 466, 569
477, 569, 477, 556, 499, 556, 499, 569
499, 569, 499, 555, 522, 555, 522, 569
353, 569, 353, 556, 409, 556, 409, 569
