247, 121, 23, 101, 27, 54, 251, 74
111, 136, 53, 129, 56, 106, 114, 114
250, 145, 116, 133, 119, 107, 252, 119
270, 387, 267, 347, 431, 335, 434, 374
22, 417, 17, 375, 257, 345, 262, 387
391, 402, 389, 384, 431, 379, 434, 397
323, 412, 321, 390, 381, 386, 383, 408
279, 420, 276, 397, 316, 391, 320, 414
391, 414, 390, 398, 433, 395, 434, 411
199, 431, 196, 406, 272, 398, 275, 423
393, 432, 390, 414, 434, 408, 436, 426
144, 439, 141, 413, 188, 407, 191, 433
79, 450, 76, 421, 138, 416, 140, 445
341, 441, 339, 427, 382, 420, 384, 435
300, 451, 297, 435, 319, 432, 322, 447
252, 459, 250, 443, 298, 436, 301, 452
209, 462, 207, 449, 251, 444, 253, 457
321, 506, 319, 495, 368, 484, 370, 495
