1091, 11, 1016, 11, 1016, 0, 1091, 0
1090, 10, 1090, 0, 1135, 0, 1135, 10
739, 240, 738, 202, 898, 199, 899, 237
265, 273, 186, 267, 189, 236, 267, 243
437, 338, 437, 299, 501, 299, 501, 338
798, 332, 798, 320, 850, 320, 850, 332
871, 332, 871, 320, 921, 320, 921, 332
761, 362, 761, 350, 788, 350, 788, 362
777, 372, 743, 371, 744, 360, 777, 361
1206, 405, 1025, 404, 1026, 353, 1207, 355
944, 429, 944, 408, 969, 408, 969, 429
969, 429, 969, 406, 982, 406, 982, 429
1028, 434, 1028, 401, 1208, 401, 1208, 434
358, 441, 358, 427, 387, 427, 387, 441
336, 640, 162, 633, 163, 613, 336, 621
390, 656, 388, 622, 472, 616, 474, 650
