161, 263, 154, 234, 232, 217, 238, 245
413, 251, 412, 236, 455, 232, 456, 247
381, 254, 380, 239, 413, 237, 414, 252
351, 255, 350, 241, 379, 240, 379, 254
431, 262, 430, 248, 463, 245, 464, 258
404, 263, 404, 248, 430, 248, 430, 263
344, 270, 342, 255, 403, 249, 404, 264
229, 325, 218, 272, 281, 259, 293, 312
402, 304, 400, 283, 468, 277, 470, 298
345, 308, 343, 287, 395, 284, 396, 305
134, 380, 113, 298, 220, 271, 241, 353
356, 346, 353, 308, 461, 301, 464, 339
238, 352, 231, 324, 291, 310, 297, 338
353, 369, 351, 346, 470, 332, 472, 356
