652, 164, 650, 142, 695, 138, 696, 160
581, 174, 577, 152, 648, 142, 651, 165
545, 177, 544, 155, 576, 154, 577, 175
520, 180, 519, 160, 540, 159, 540, 179
442, 194, 439, 169, 514, 159, 517, 183
372, 200, 371, 174, 437, 170, 438, 196
248, 218, 245, 190, 346, 179, 349, 207
190, 220, 188, 198, 245, 192, 248, 214
528, 242, 528, 209, 562, 209, 562, 242
442, 255, 441, 218, 518, 216, 518, 254
352, 266, 349, 227, 431, 220, 434, 259
503, 291, 498, 251, 636, 234, 641, 274
284, 327, 278, 282, 490, 254, 496, 299
327, 448, 324, 427, 403, 414, 406, 435
228, 462, 225, 441, 325, 426, 329, 447
