1212, 104, 1211, 88, 1240, 87, 1242, 102
1192, 105, 1191, 90, 1212, 89, 1213, 103
1016, 125, 1016, 111, 1046, 111, 1046, 125
463, 132, 461, 116, 491, 113, 492, 129
434, 134, 433, 120, 462, 117, 463, 132
412, 137, 411, 123, 433, 121, 434, 135
1025, 136, 1025, 122, 1062, 120, 1062, 134
1002, 139, 1001, 125, 1025, 123, 1027, 137
381, 140, 380, 127, 411, 123, 412, 137
323, 150, 321, 134, 380, 126, 382, 141
216, 163, 214, 140, 317, 128, 320, 151
1006, 152, 1004, 138, 1060, 132, 1062, 146
939, 188, 937, 164, 997, 160, 999, 184
152, 275, 151, 254, 208, 254, 208, 274
201, 371, 163, 368, 165, 349, 203, 352
215, 469, 161, 467, 162, 446, 216, 448
