1236, 37, 1236, 0, 1279, 0, 1279, 37
41, 70, -4, 62, 0, 33, 46, 41
53, 66, 52, 36, 113, 35, 113, 66
171, 72, 122, 69, 123, 45, 173, 48
47, 91, -1, 88, 0, 62, 48, 65
135, 95, 50, 90, 51, 67, 137, 72
140, 94, 140, 75, 161, 75, 161, 94
36, 111, 0, 111, 0, 96, 36, 96
68, 113, 39, 110, 40, 96, 70, 99
210, 121, 144, 118, 145, 100, 210, 103
254, 124, 212, 119, 214, 103, 256, 107
52, 128, 5, 126, 6, 113, 52, 115
74, 132, 74, 116, 104, 116, 104, 132
105, 134, 105, 114, 153, 114, 153, 134
208, 136, 153, 133, 153, 117, 209, 120
412, 141, 302, 135, 303, 120, 413, 127
1279, 175, 1241, 173, 1242, 155, 1280, 157
874, 231, 800, 228, 801, 204, 875, 207
