246, 121, 23, 101, 27, 54, 250, 74
111, 136, 52, 129, 55, 105, 114, 112
250, 145, 116, 133, 119, 106, 252, 118
270, 386, 267, 347, 431, 335, 434, 373
22, 416, 17, 375, 256, 346, 261, 387
392, 402, 389, 384, 431, 379, 433, 396
324, 412, 322, 391, 381, 386, 383, 407
279, 420, 276, 398, 316, 392, 319, 414
391, 415, 390, 399, 433, 395, 434, 411
200, 431, 197, 406, 271, 398, 273, 423
393, 432, 390, 414, 433, 408, 436, 426
145, 439, 142, 414, 186, 408, 189, 433
80, 450, 77, 423, 137, 417, 139, 444
341, 441, 339, 428, 369, 424, 371, 436
