1111, 150, 1111, 100, 1144, 100, 1144, 150
997, 181, 986, 138, 1097, 110, 1108, 154
959, 190, 954, 150, 987, 147, 992, 186
1139, 199, 1137, 149, 1179, 148, 1180, 197
994, 230, 986, 184, 1123, 159, 1132, 204
949, 237, 943, 199, 985, 192, 991, 230
1026, 276, 1020, 229, 1148, 211, 1155, 258
977, 279, 973, 239, 1016, 234, 1021, 273
1081, 305, 1079, 280, 1131, 275, 1134, 300
1059, 304, 1057, 282, 1078, 281, 1080, 303
1093, 334, 1092, 306, 1202, 303, 1203, 331
1063, 335, 1061, 311, 1093, 309, 1094, 333
