1218, 166, 1216, 147, 1275, 140, 1277, 159
1225, 180, 1223, 164, 1270, 157, 1272, 173
666, 240, 659, 193, 674, 191, 681, 238
492, 281, 482, 201, 520, 196, 530, 277
472, 261, 465, 207, 484, 205, 490, 259
679, 259, 674, 212, 687, 210, 692, 258
671, 269, 667, 240, 678, 238, 683, 267
683, 285, 680, 259, 693, 258, 696, 284
483, 329, 470, 261, 489, 258, 502, 325
497, 308, 489, 260, 511, 257, 519, 304
515, 312, 513, 278, 534, 276, 536, 310
211, 341, 211, 279, 287, 279, 288, 341
498, 327, 497, 306, 516, 305, 518, 325
518, 327, 517, 312, 536, 310, 537, 326
521, 343, 519, 327, 537, 325, 539, 341
501, 347, 500, 325, 520, 324, 520, 346
485, 350, 482, 327, 499, 325, 502, 347
