161, 263, 154, 234, 232, 216, 238, 245
414, 250, 412, 236, 455, 233, 456, 247
381, 254, 380, 239, 412, 237, 414, 251
351, 255, 351, 241, 378, 240, 379, 254
431, 261, 430, 248, 463, 245, 464, 258
404, 263, 403, 248, 430, 247, 431, 262
344, 269, 343, 253, 403, 249, 404, 265
230, 325, 217, 273, 281, 258, 293, 311
402, 304, 400, 283, 468, 277, 470, 298
345, 308, 343, 288, 395, 284, 396, 305
134, 380, 113, 298, 220, 271, 241, 354
356, 346, 353, 309, 461, 301, 464, 338
239, 352, 232, 324, 291, 310, 297, 338
353, 370, 351, 346, 470, 332, 472, 356
