761, 64, 747, 31, 875, -21, 888, 11
944, 23, 944, 0, 1008, 0, 1008, 23
1015, 84, 1005, 53, 1075, 30, 1085, 61
987, 85, 984, 57, 1008, 54, 1011, 82
942, 97, 937, 71, 980, 63, 985, 89
1014, 118, 1007, 83, 1105, 62, 1112, 97
944, 134, 939, 101, 1009, 91, 1014, 124
758, 406, 742, 156, 916, 144, 933, 395
1080, 193, 1078, 165, 1121, 162, 1123, 190
991, 204, 987, 171, 1073, 162, 1076, 195
941, 208, 938, 186, 984, 181, 987, 202
1112, 238, 1110, 197, 1279, 186, 1281, 228
1019, 242, 1017, 206, 1108, 200, 1111, 236
941, 244, 939, 216, 1015, 211, 1017, 239
991, 317, 943, 316, 943, 292, 991, 293
1080, 327, 991, 318, 994, 287, 1083, 296
1278, 346, 1164, 331, 1168, 296, 1283, 311
1023, 360, 969, 356, 971, 326, 1025, 329
1110, 371, 1021, 361, 1025, 331, 1113, 341
1065, 473, 963, 441, 971, 416, 1073, 448
1278, 534, 1067, 483, 1075, 447, 1287, 498
880, 507, 830, 494, 836, 471, 886, 483
