1091, 11, 1016, 11, 1016, 0, 1091, 0
1090, 10, 1090, 0, 1134, 0, 1134, 10
1041, 190, 1041, 179, 1071, 179, 1071, 190
739, 240, 738, 202, 898, 199, 899, 237
265, 273, 186, 267, 188, 236, 267, 243
437, 338, 436, 300, 500, 297, 502, 336
798, 332, 798, 320, 850, 320, 850, 332
871, 332, 871, 320, 921, 320, 921, 332
761, 362, 761, 350, 788, 350, 788, 362
777, 372, 743, 371, 743, 361, 777, 361
1206, 405, 1025, 404, 1026, 353, 1207, 355
969, 429, 969, 406, 982, 406, 982, 429
944, 429, 944, 408, 969, 408, 969, 429
1028, 434, 1028, 401, 1208, 401, 1208, 434
387, 441, 358, 440, 358, 427, 388, 427
336, 641, 162, 632, 163, 612, 337, 621
389, 655, 388, 621, 472, 616, 474, 651
