247, 121, 23, 102, 27, 54, 252, 74
111, 138, 52, 129, 56, 103, 115, 112
250, 145, 116, 133, 118, 107, 252, 119
269, 387, 266, 347, 432, 334, 435, 374
21, 417, 16, 375, 257, 345, 262, 387
391, 402, 389, 384, 432, 379, 434, 397
323, 412, 321, 389, 381, 386, 382, 409
278, 420, 275, 396, 317, 391, 320, 415
391, 414, 390, 397, 433, 395, 434, 412
199, 432, 196, 406, 273, 397, 276, 423
393, 431, 391, 413, 434, 408, 436, 426
144, 439, 141, 412, 189, 407, 192, 433
79, 450, 76, 421, 138, 415, 140, 444
341, 441, 339, 426, 382, 420, 384, 435
301, 451, 298, 436, 319, 432, 322, 447
252, 458, 250, 441, 300, 436, 301, 453
321, 506, 319, 495, 368, 485, 370, 496
