1235, 37, 1235, 0, 1279, 0, 1279, 37
41, 71, -6, 61, 0, 30, 48, 40
52, 67, 51, 32, 113, 32, 114, 66
175, 74, 118, 70, 120, 40, 177, 44
219, 77, 174, 73, 177, 47, 222, 52
47, 89, 0, 89, 0, 62, 47, 62
136, 96, 50, 90, 51, 66, 138, 72
140, 94, 140, 74, 162, 74, 162, 94
37, 111, 0, 111, 0, 96, 37, 96
68, 113, 39, 110, 40, 96, 70, 99
210, 120, 144, 118, 145, 101, 210, 103
254, 124, 212, 120, 214, 102, 256, 106
50, 128, 6, 126, 6, 113, 51, 115
74, 132, 74, 116, 104, 116, 104, 132
104, 134, 104, 114, 153, 114, 153, 134
207, 135, 153, 133, 153, 117, 208, 120
412, 141, 302, 134, 303, 120, 413, 127
1279, 175, 1240, 173, 1242, 155, 1280, 157
874, 231, 800, 228, 801, 204, 875, 207
