178, 122, 91, 116, 93, 76, 181, 81
356, 140, 223, 127, 227, 89, 360, 102
202, 161, 93, 156, 95, 116, 204, 120
319, 168, 208, 162, 210, 123, 321, 129
324, 167, 324, 136, 357, 136, 357, 167
90, 204, 90, 188, 178, 188, 178, 204
92, 239, 91, 223, 133, 222, 133, 237
134, 237, 134, 223, 190, 223, 190, 237
93, 269, 93, 256, 158, 256, 158, 269
184, 279, 183, 263, 222, 261, 223, 277
140, 281, 139, 264, 183, 262, 184, 279
93, 283, 92, 268, 139, 266, 140, 280
166, 314, 165, 300, 226, 296, 227, 310
144, 315, 143, 301, 165, 300, 165, 314
94, 319, 93, 305, 139, 301, 140, 316
170, 348, 169, 334, 233, 329, 234, 343
95, 356, 94, 340, 169, 333, 170, 349
299, 383, 297, 370, 369, 359, 371, 372
97, 392, 95, 376, 185, 366, 187, 382
342, 404, 340, 393, 370, 389, 372, 400
283, 416, 281, 403, 341, 393, 344, 406
155, 419, 153, 405, 191, 399, 193, 413
98, 428, 96, 413, 139, 407, 140, 422
157, 454, 155, 440, 191, 434, 193, 448
101, 464, 99, 449, 155, 440, 157, 456
135, 492, 132, 476, 214, 459, 217, 475
103, 508, 100, 494, 137, 487, 140, 501
