381, 184, 380, 161, 444, 158, 445, 180
341, 184, 340, 164, 379, 160, 381, 181
288, 187, 286, 166, 336, 162, 338, 183
602, 234, 602, 207, 676, 207, 676, 234
656, 251, 655, 225, 710, 221, 711, 248
577, 256, 577, 232, 656, 232, 656, 256
655, 276, 653, 250, 717, 246, 719, 272
574, 283, 572, 258, 654, 250, 656, 275
644, 295, 643, 274, 714, 273, 714, 293
605, 299, 604, 276, 644, 275, 644, 298
580, 300, 578, 281, 602, 279, 604, 298
641, 316, 641, 293, 685, 293, 685, 316
609, 317, 608, 298, 640, 297, 640, 317
