194, 210, 193, 154, 292, 153, 293, 210
289, 238, 222, 238, 222, 220, 289, 221
910, 241, 909, 223, 968, 219, 969, 237
828, 237, 827, 225, 852, 223, 853, 235
640, 247, 640, 228, 660, 228, 660, 247
568, 250, 567, 227, 609, 225, 610, 247
208, 249, 208, 237, 242, 236, 242, 248
288, 252, 241, 251, 241, 236, 289, 237
240, 390, 239, 375, 302, 372, 302, 386
258, 402, 258, 388, 283, 388, 283, 402
211, 407, 211, 390, 251, 388, 251, 405
259, 418, 258, 403, 286, 401, 287, 416
230, 420, 229, 404, 258, 402, 259, 418
