668, 102, 658, 77, 691, 64, 701, 89
637, 119, 627, 97, 659, 83, 669, 105
585, 219, 576, 174, 665, 156, 674, 202
1005, 208, 1001, 185, 1046, 177, 1051, 199
520, 239, 509, 193, 577, 177, 588, 223
998, 241, 994, 204, 1064, 197, 1067, 233
921, 261, 920, 249, 950, 248, 950, 260
561, 276, 560, 262, 619, 258, 620, 272
1102, 286, 1024, 285, 1025, 264, 1102, 265
984, 291, 981, 274, 1024, 266, 1027, 283
1000, 308, 999, 287, 1068, 284, 1069, 305
1021, 327, 1021, 306, 1070, 306, 1070, 327
984, 326, 984, 311, 1009, 311, 1009, 326
