991, 45, 917, 39, 919, 13, 993, 18
142, 169, 142, 92, 253, 92, 253, 169
335, 139, 334, 116, 391, 113, 392, 136
337, 223, 328, 140, 453, 126, 463, 209
457, 186, 453, 134, 503, 130, 507, 182
164, 268, 142, 178, 245, 153, 266, 244
462, 212, 460, 185, 508, 181, 510, 208
345, 285, 336, 223, 509, 200, 518, 262
517, 313, 514, 281, 576, 277, 578, 309
458, 319, 454, 293, 514, 284, 518, 310
308, 347, 304, 317, 410, 302, 414, 333
458, 343, 453, 319, 515, 308, 519, 332
208, 369, 202, 336, 303, 317, 309, 350
271, 382, 266, 353, 363, 334, 369, 363
202, 449, 195, 395, 304, 380, 312, 434
