381, 183, 380, 161, 444, 158, 446, 180
341, 184, 340, 164, 379, 160, 381, 181
289, 186, 287, 166, 336, 162, 337, 183
602, 235, 601, 209, 676, 207, 676, 233
656, 251, 655, 226, 710, 223, 711, 248
576, 258, 574, 234, 655, 227, 657, 251
653, 276, 651, 250, 718, 246, 719, 272
574, 282, 572, 257, 653, 250, 655, 276
673, 294, 673, 273, 714, 273, 714, 294
673, 295, 643, 293, 644, 272, 674, 274
603, 299, 603, 276, 644, 275, 644, 298
580, 300, 578, 280, 603, 278, 604, 298
640, 316, 640, 293, 688, 293, 688, 316
608, 317, 608, 298, 640, 297, 641, 317
