1082, 371, 1080, 348, 1140, 342, 1142, 366
1024, 376, 1022, 352, 1081, 347, 1083, 370
1111, 396, 1110, 373, 1178, 369, 1179, 391
1073, 393, 1072, 375, 1111, 373, 1112, 391
1032, 396, 1032, 376, 1072, 376, 1072, 396
1000, 399, 997, 380, 1031, 376, 1033, 395
1045, 431, 1045, 412, 1069, 412, 1069, 431
1069, 432, 1069, 416, 1090, 416, 1090, 432
1093, 439, 1093, 412, 1170, 412, 1170, 439
1009, 460, 1009, 447, 1061, 447, 1061, 460
1083, 467, 1082, 450, 1143, 447, 1144, 464
1199, 467, 1143, 466, 1144, 450, 1199, 452
1108, 482, 1058, 479, 1059, 461, 1109, 464
1109, 482, 1109, 464, 1144, 464, 1144, 482
