553, 244, 551, 223, 620, 214, 623, 235
153, 241, 153, 224, 218, 224, 218, 241
218, 240, 218, 225, 264, 225, 264, 240
1006, 265, 1003, 239, 1057, 232, 1061, 258
196, 255, 195, 237, 233, 235, 234, 253
157, 256, 156, 240, 195, 239, 196, 255
233, 253, 233, 239, 264, 239, 264, 253
201, 269, 200, 254, 252, 251, 253, 266
162, 271, 160, 255, 201, 252, 202, 268
176, 285, 176, 268, 245, 266, 246, 283
557, 299, 556, 280, 601, 276, 602, 295
181, 323, 179, 297, 244, 292, 245, 319
559, 320, 557, 299, 603, 294, 605, 314
560, 339, 558, 319, 605, 314, 607, 335
184, 349, 181, 323, 245, 317, 248, 342
575, 562, 456, 544, 461, 516, 580, 534
607, 565, 573, 562, 576, 533, 610, 536
711, 580, 603, 567, 606, 535, 715, 548
542, 590, 490, 584, 491, 568, 543, 574
571, 596, 540, 591, 543, 574, 574, 579
631, 606, 570, 597, 573, 580, 633, 588
1232, 658, 1232, 622, 1279, 622, 1279, 658
