1165, 306, 1165, 272, 1248, 272, 1248, 306
1144, 360, 1113, 356, 1115, 341, 1146, 346
1179, 363, 1144, 359, 1146, 345, 1181, 348
1218, 368, 1179, 364, 1181, 347, 1220, 352
1221, 369, 1221, 353, 1249, 353, 1249, 369
1141, 375, 1110, 371, 1112, 355, 1143, 358
1177, 380, 1141, 375, 1143, 358, 1179, 363
1215, 385, 1177, 380, 1179, 363, 1217, 367
1247, 389, 1217, 385, 1220, 368, 1250, 372
1139, 406, 1104, 401, 1106, 380, 1142, 385
1197, 417, 1142, 409, 1145, 385, 1201, 393
1250, 426, 1202, 418, 1206, 394, 1254, 403
