980, 221, 952, 186, 1052, 108, 1079, 143

684, 172, 684, 159, 713, 159, 713, 172

626, 177, 626, 161, 651, 161, 651, 177

291, 244, 239, 206, 259, 178, 311, 216

618, 225, 618, 179, 745, 179, 745, 225

10, 251, 0, 251, 0, 214, 10, 214

16, 258, 16, 220, 53, 220, 53, 258

628, 262, 626, 227, 746, 220, 748, 255

628, 301, 626, 278, 671, 275, 672, 298

675, 328, 675, 302, 739, 302, 739, 328

621, 330, 621, 304, 670, 304, 670, 330

624, 366, 622, 338, 699, 334, 701, 362

706, 365, 706, 336, 750, 336, 750, 365

