184, 105, 22, 25, 42, 0, 203, 66

922, 108, 918, 52, 958, 49, 962, 105

851, 153, 830, 115, 915, 70, 935, 108

1068, 237, 1068, 171, 1110, 171, 1110, 237

356, 230, 356, 214, 398, 214, 398, 230

305, 234, 305, 216, 351, 216, 351, 234

261, 238, 259, 220, 300, 216, 302, 234

307, 254, 306, 238, 391, 234, 392, 250

270, 256, 268, 239, 300, 236, 302, 253

322, 278, 321, 261, 387, 258, 388, 275

279, 281, 279, 263, 319, 263, 319, 281

315, 299, 314, 282, 397, 276, 398, 293

268, 298, 268, 285, 310, 285, 310, 298

335, 322, 333, 305, 380, 302, 381, 319

264, 326, 263, 309, 331, 307, 332, 323

330, 341, 330, 325, 373, 325, 373, 341

274, 345, 274, 327, 327, 327, 327, 345

197, 373, 197, 349, 217, 349, 217, 373

315, 372, 313, 353, 356, 350, 358, 369

167, 380, 167, 353, 189, 353, 189, 380

259, 375, 257, 357, 309, 353, 310, 372

132, 384, 132, 357, 163, 357, 163, 384

