757, 388, 757, 361, 776, 361, 776, 388

850, 384, 850, 364, 877, 364, 877, 384

820, 407, 820, 387, 845, 387, 845, 407

850, 407, 850, 389, 877, 389, 877, 407

653, 449, 642, 393, 663, 389, 673, 445

406, 433, 406, 402, 433, 402, 433, 433

393, 467, 393, 440, 426, 440, 426, 467

458, 463, 458, 440, 485, 440, 485, 463

398, 518, 349, 499, 369, 449, 418, 468

465, 512, 437, 504, 450, 456, 478, 464

858, 497, 841, 497, 841, 470, 858, 470

876, 518, 876, 475, 901, 475, 901, 518

838, 529, 835, 500, 855, 498, 858, 527

473, 641, 368, 629, 374, 576, 479, 589

896, 694, 854, 694, 854, 684, 896, 684

919, 730, 917, 712, 970, 705, 973, 724

835, 732, 835, 714, 912, 714, 912, 732

582, 743, 561, 743, 561, 718, 582, 718

466, 735, 466, 719, 521, 719, 521, 735

926, 773, 926, 754, 961, 754, 961, 773

