710, 200, 710, 176, 754, 176, 754, 200

634, 209, 631, 185, 704, 177, 707, 202

593, 213, 593, 191, 625, 191, 625, 213

568, 215, 568, 195, 590, 195, 590, 215

486, 229, 483, 201, 563, 192, 566, 219

412, 230, 412, 203, 480, 203, 480, 230

281, 248, 278, 218, 384, 208, 387, 239

218, 249, 216, 222, 274, 219, 276, 246

490, 299, 483, 259, 566, 247, 572, 286

581, 281, 581, 248, 618, 248, 618, 281

390, 303, 388, 259, 477, 255, 479, 299

550, 335, 546, 293, 694, 277, 699, 319

318, 365, 313, 320, 540, 297, 544, 343

265, 512, 262, 488, 450, 463, 454, 487

475, 490, 473, 472, 543, 461, 546, 480

