1152, 436, 1150, 409, 1212, 405, 1214, 432

1085, 439, 1084, 415, 1146, 412, 1148, 436

1184, 462, 1183, 440, 1251, 437, 1252, 460

1143, 461, 1143, 440, 1179, 440, 1179, 461

1098, 463, 1098, 443, 1136, 443, 1136, 463

1061, 465, 1061, 445, 1095, 445, 1095, 465

1165, 508, 1165, 483, 1248, 483, 1248, 508

1113, 501, 1113, 485, 1132, 485, 1132, 501

1137, 503, 1137, 487, 1160, 487, 1160, 503

1124, 535, 1073, 532, 1074, 516, 1125, 518

1152, 542, 1152, 526, 1278, 526, 1278, 542

1176, 557, 1124, 552, 1126, 535, 1178, 540

1220, 559, 1182, 559, 1182, 543, 1220, 543

