404, 211, 404, 193, 429, 193, 429, 211

434, 217, 434, 195, 465, 195, 465, 217

515, 219, 473, 219, 473, 197, 515, 197

591, 228, 520, 224, 522, 198, 593, 203

913, 247, 862, 245, 863, 226, 914, 229

1137, 270, 1047, 261, 1048, 243, 1138, 251

1161, 291, 1025, 281, 1027, 262, 1162, 272

136, 348, 136, 306, 161, 306, 161, 348

148, 486, 118, 483, 126, 399, 156, 402

1004, 446, 923, 446, 923, 428, 1004, 428

1074, 450, 1009, 447, 1010, 429, 1075, 432

445, 592, 391, 588, 393, 555, 447, 559

494, 595, 494, 556, 580, 556, 580, 595

489, 591, 453, 591, 453, 562, 489, 562

397, 613, 397, 600, 454, 600, 454, 613

458, 614, 458, 601, 515, 601, 515, 614

