1158, 185, 1158, 122, 1196, 122, 1196, 185

1040, 221, 1027, 174, 1144, 141, 1157, 187

1186, 239, 1186, 178, 1235, 178, 1235, 239

997, 231, 992, 185, 1029, 180, 1035, 227

1039, 276, 1027, 225, 1175, 190, 1187, 242

988, 285, 982, 237, 1026, 231, 1033, 278

1072, 325, 1063, 273, 1197, 250, 1206, 302

1018, 329, 1012, 282, 1060, 276, 1066, 322

1131, 355, 1128, 325, 1189, 319, 1192, 349

1104, 356, 1104, 329, 1125, 329, 1125, 356

1145, 390, 1143, 357, 1260, 349, 1262, 382

1109, 388, 1109, 361, 1142, 361, 1142, 388

