578, 292, 572, 265, 671, 245, 676, 272

171, 281, 171, 267, 239, 267, 239, 281

244, 281, 244, 267, 291, 267, 291, 281

291, 296, 259, 296, 259, 285, 291, 285

213, 298, 177, 298, 177, 287, 213, 287

65, 343, 60, 304, 113, 298, 118, 337

223, 313, 223, 302, 275, 302, 275, 313

219, 316, 173, 316, 173, 304, 219, 304

197, 333, 196, 319, 268, 315, 269, 330

600, 341, 598, 323, 645, 319, 647, 337

201, 372, 199, 344, 269, 338, 271, 366

604, 361, 603, 344, 650, 341, 651, 357

602, 383, 601, 368, 648, 363, 650, 378

227, 395, 227, 372, 265, 372, 265, 395

203, 399, 203, 378, 226, 378, 226, 399

759, 637, 499, 615, 502, 573, 763, 595

675, 666, 424, 632, 427, 611, 678, 646

