1091, 330, 1055, 330, 1055, 304, 1091, 304

1023, 330, 1023, 306, 1050, 306, 1050, 330

231, 339, 231, 321, 254, 321, 254, 339

1042, 360, 1009, 357, 1011, 333, 1044, 335

1097, 368, 1042, 360, 1046, 331, 1101, 340

1360, 423, 1282, 417, 1286, 372, 1363, 378

1362, 489, 1280, 473, 1289, 430, 1370, 446

1082, 477, 1011, 459, 1018, 431, 1089, 448

1066, 512, 996, 491, 1004, 463, 1074, 485

1359, 536, 1276, 522, 1284, 476, 1367, 491

1097, 514, 1079, 514, 1079, 487, 1097, 487

1358, 580, 1280, 559, 1286, 535, 1365, 556

