1193, 263, 1189, 236, 1299, 220, 1303, 247

1041, 280, 1038, 242, 1180, 231, 1183, 268

984, 287, 981, 251, 1031, 247, 1034, 283

1135, 323, 1132, 301, 1198, 291, 1201, 314

1038, 324, 1037, 307, 1128, 301, 1129, 318

1089, 354, 1089, 334, 1140, 334, 1140, 354

1055, 352, 1055, 336, 1082, 336, 1082, 352

1148, 356, 1148, 336, 1192, 336, 1192, 356

1125, 382, 1076, 382, 1076, 368, 1125, 368

1155, 382, 1130, 382, 1130, 368, 1155, 368

1220, 384, 1163, 384, 1163, 372, 1220, 372

1301, 390, 1231, 387, 1232, 370, 1302, 373

1094, 449, 1039, 445, 1040, 431, 1095, 434

1102, 452, 1102, 438, 1160, 438, 1160, 452

1165, 456, 1165, 438, 1205, 438, 1205, 456

1238, 459, 1208, 455, 1210, 438, 1240, 442

