200, 138, 111, 127, 115, 88, 205, 99

384, 154, 245, 140, 249, 102, 388, 116

223, 177, 113, 170, 115, 134, 225, 141

343, 183, 231, 177, 233, 143, 345, 149

352, 183, 352, 156, 385, 156, 385, 183

108, 224, 108, 205, 202, 205, 202, 224

110, 261, 109, 244, 152, 241, 153, 258

157, 258, 157, 242, 214, 242, 214, 258

113, 288, 113, 274, 183, 274, 183, 288

164, 303, 164, 285, 204, 285, 204, 303

210, 303, 208, 286, 246, 283, 248, 300

110, 307, 110, 293, 159, 293, 159, 307

192, 339, 190, 323, 251, 318, 253, 334

167, 339, 167, 323, 187, 323, 187, 339

113, 346, 111, 329, 160, 323, 162, 340

195, 374, 194, 358, 259, 353, 260, 369

287, 372, 285, 359, 335, 353, 337, 366

115, 385, 113, 366, 188, 358, 190, 376

320, 381, 318, 370, 399, 358, 401, 368

328, 410, 326, 396, 402, 385, 404, 400

117, 422, 115, 404, 210, 391, 212, 410

378, 431, 378, 419, 403, 419, 403, 431

330, 444, 327, 429, 369, 421, 372, 436

177, 451, 175, 434, 216, 428, 219, 445

286, 452, 283, 438, 307, 433, 310, 446

119, 461, 116, 443, 162, 434, 165, 452

184, 486, 182, 470, 216, 465, 218, 482

121, 499, 118, 482, 177, 471, 180, 488

161, 524, 158, 508, 240, 492, 243, 508

123, 527, 123, 513, 153, 513, 153, 527

123, 545, 121, 532, 158, 527, 160, 540

128, 584, 124, 566, 173, 555, 177, 574

