172, 126, 22, 50, 40, 15, 190, 91

888, 136, 878, 86, 920, 78, 930, 127

815, 176, 797, 139, 880, 98, 899, 134

1040, 239, 1040, 197, 1082, 197, 1082, 239

333, 243, 333, 227, 373, 227, 373, 243

285, 245, 285, 229, 327, 229, 327, 245

242, 247, 242, 231, 280, 231, 280, 247

285, 262, 285, 248, 366, 248, 366, 262

251, 264, 251, 250, 280, 250, 280, 264

300, 286, 300, 270, 364, 270, 364, 286

259, 288, 259, 272, 297, 272, 297, 288

296, 305, 295, 291, 372, 288, 373, 303

248, 305, 248, 291, 291, 291, 291, 305

360, 326, 330, 326, 330, 312, 360, 312

244, 330, 244, 314, 308, 314, 308, 330

309, 348, 309, 329, 349, 329, 349, 348

253, 348, 253, 331, 304, 331, 304, 348

182, 371, 182, 351, 202, 351, 202, 371

154, 377, 154, 353, 176, 353, 176, 377

126, 382, 126, 355, 150, 355, 150, 382

294, 373, 294, 355, 336, 355, 336, 373

240, 377, 240, 359, 288, 359, 288, 377

