158, 121, 1, 42, 20, 5, 177, 84

889, 135, 882, 81, 923, 75, 930, 129

820, 176, 800, 139, 881, 96, 901, 132

1040, 251, 1040, 197, 1080, 197, 1080, 251

330, 243, 330, 227, 370, 227, 370, 243

236, 247, 236, 229, 275, 229, 275, 247

325, 245, 281, 245, 281, 229, 325, 229

281, 262, 281, 248, 366, 248, 366, 262

244, 264, 244, 250, 275, 250, 275, 264

298, 289, 297, 271, 363, 268, 364, 285

255, 290, 255, 272, 293, 272, 293, 290

292, 308, 291, 293, 372, 288, 373, 303

244, 307, 244, 293, 288, 293, 288, 307

326, 328, 326, 312, 357, 312, 357, 328

240, 333, 240, 317, 306, 317, 306, 333

117, 335, 117, 325, 157, 325, 157, 335

307, 350, 307, 331, 349, 331, 349, 350

301, 350, 251, 350, 251, 336, 301, 336

175, 377, 175, 353, 196, 353, 196, 377

149, 382, 149, 355, 170, 355, 170, 382

292, 375, 292, 357, 336, 357, 336, 375

119, 384, 119, 359, 142, 359, 142, 384

236, 381, 234, 364, 287, 359, 289, 376

