1001, 152, 989, 111, 1066, 90, 1077, 132

1185, 191, 1177, 148, 1298, 126, 1305, 169

1018, 179, 1004, 161, 1038, 137, 1051, 156

1198, 238, 1192, 206, 1301, 187, 1306, 219

971, 211, 971, 195, 1000, 195, 1000, 211

1050, 223, 1047, 204, 1090, 195, 1093, 215

1003, 231, 1000, 212, 1039, 206, 1042, 224

1327, 422, 1216, 419, 1217, 398, 1328, 401

1122, 650, 1069, 640, 1072, 627, 1125, 637

1124, 671, 1068, 657, 1072, 639, 1129, 653

1102, 715, 1031, 696, 1037, 675, 1108, 693

1347, 751, 1253, 733, 1261, 692, 1355, 710

1169, 735, 1106, 717, 1112, 694, 1175, 712

