725, 388, 725, 361, 743, 361, 743, 388

816, 386, 816, 364, 843, 364, 843, 386

785, 382, 785, 366, 808, 366, 808, 382

785, 409, 785, 387, 810, 387, 810, 409

621, 448, 612, 390, 632, 386, 642, 445

816, 409, 816, 393, 843, 393, 843, 409

438, 505, 413, 497, 436, 425, 461, 433

337, 499, 337, 434, 398, 434, 398, 499

825, 499, 809, 499, 809, 472, 825, 472

868, 518, 846, 518, 846, 479, 868, 479

805, 533, 805, 502, 825, 502, 825, 533

445, 634, 382, 625, 388, 586, 451, 596

443, 732, 443, 716, 495, 716, 495, 732

558, 743, 535, 743, 535, 718, 558, 718

893, 736, 893, 718, 946, 718, 946, 736

809, 738, 809, 720, 886, 720, 886, 738

902, 781, 902, 763, 935, 763, 935, 781

