747, 388, 747, 364, 763, 364, 763, 388

839, 388, 839, 364, 864, 364, 864, 388

807, 407, 807, 387, 832, 387, 832, 407

839, 407, 839, 393, 864, 393, 864, 407

414, 441, 396, 428, 415, 402, 432, 415

458, 517, 432, 508, 457, 435, 482, 443

391, 525, 344, 506, 376, 428, 423, 448

831, 499, 831, 470, 847, 470, 847, 499

863, 518, 863, 475, 890, 475, 890, 518

824, 529, 824, 500, 847, 500, 847, 529

462, 644, 373, 638, 376, 586, 466, 592

910, 735, 908, 717, 964, 710, 966, 728

826, 738, 826, 720, 905, 720, 905, 738

458, 745, 458, 727, 513, 727, 513, 745

919, 781, 919, 761, 957, 761, 957, 781

