384, 215, 384, 195, 416, 195, 416, 215

419, 219, 419, 195, 454, 195, 454, 219

500, 226, 455, 226, 455, 199, 500, 199

581, 233, 504, 226, 507, 200, 583, 207

904, 255, 852, 252, 854, 232, 905, 235

1133, 279, 1044, 271, 1046, 252, 1134, 260

1154, 302, 1016, 290, 1018, 270, 1156, 282

115, 358, 115, 314, 140, 314, 140, 358

127, 502, 97, 500, 103, 413, 133, 415

995, 465, 912, 462, 913, 443, 996, 447

1065, 467, 1001, 467, 1001, 449, 1065, 449

374, 612, 374, 577, 429, 577, 429, 612

477, 620, 477, 578, 564, 578, 564, 620

434, 614, 434, 583, 472, 583, 472, 614

377, 639, 377, 623, 434, 623, 434, 639

504, 640, 440, 640, 440, 624, 504, 624

