396, 182, 393, 160, 470, 151, 473, 173

888, 237, 881, 204, 925, 196, 932, 229

204, 311, 195, 280, 277, 255, 286, 286

460, 292, 459, 275, 501, 273, 502, 289

425, 296, 425, 278, 454, 278, 454, 296

389, 298, 389, 282, 420, 282, 420, 298

477, 307, 476, 293, 510, 290, 511, 304

449, 309, 449, 295, 474, 295, 474, 309

386, 316, 385, 302, 443, 298, 444, 312

244, 365, 244, 314, 334, 314, 334, 365

446, 352, 444, 328, 513, 322, 516, 345

893, 356, 884, 335, 923, 319, 932, 340

388, 360, 384, 335, 438, 327, 441, 353

399, 398, 395, 362, 504, 349, 509, 386

283, 410, 273, 378, 336, 359, 346, 390

400, 425, 397, 400, 515, 386, 518, 411

