701, 214, 698, 190, 747, 184, 750, 208

626, 223, 623, 200, 697, 191, 700, 215

589, 228, 589, 205, 616, 205, 616, 228

563, 230, 563, 210, 584, 210, 584, 230

479, 245, 475, 220, 555, 208, 559, 233

406, 249, 404, 222, 473, 219, 475, 246

276, 271, 273, 240, 378, 227, 382, 258

214, 273, 211, 247, 270, 242, 272, 268

572, 294, 572, 261, 608, 261, 608, 294

482, 315, 475, 276, 557, 263, 563, 302

384, 321, 378, 278, 468, 266, 474, 309

540, 347, 535, 306, 683, 288, 688, 329

308, 382, 303, 338, 529, 310, 535, 354

460, 502, 458, 482, 535, 473, 537, 493

248, 527, 245, 504, 435, 476, 438, 500

