928, 63, 809, 46, 812, 21, 931, 38

1042, 81, 934, 65, 939, 36, 1047, 52

780, 168, 759, 168, 759, 118, 780, 118

799, 170, 780, 169, 783, 117, 802, 118

818, 149, 818, 124, 847, 124, 847, 149

900, 159, 849, 154, 852, 123, 903, 127

904, 162, 904, 131, 942, 131, 942, 162

947, 166, 947, 137, 972, 137, 972, 166

843, 180, 807, 175, 811, 147, 847, 152

1092, 440, 973, 433, 975, 402, 1093, 409

1180, 446, 1096, 440, 1098, 412, 1182, 417

1350, 508, 959, 493, 961, 438, 1352, 453

1227, 542, 1227, 522, 1345, 522, 1345, 542

