149, 99, 133, 84, 178, 35, 194, 49

292, 98, 275, 86, 311, 34, 328, 45

465, 99, 453, 93, 467, 63, 480, 69

81, 178, 63, 162, 131, 84, 149, 100

570, 121, 567, 100, 618, 93, 621, 114

447, 146, 433, 143, 440, 115, 454, 119

29, 239, 11, 223, 61, 165, 80, 181

804, 207, 802, 195, 831, 190, 833, 202

750, 214, 748, 201, 798, 194, 800, 208

197, 233, 178, 220, 199, 192, 217, 205

294, 344, 273, 227, 422, 200, 443, 317

154, 301, 132, 286, 176, 220, 198, 235

589, 264, 586, 243, 638, 236, 641, 257

862, 307, 833, 307, 833, 295, 862, 295

408, 362, 401, 345, 425, 334, 433, 351

602, 360, 600, 337, 652, 334, 654, 357

379, 376, 372, 359, 400, 347, 407, 364

409, 385, 402, 370, 440, 351, 447, 366

334, 395, 326, 378, 369, 361, 376, 379

366, 406, 358, 391, 398, 370, 407, 385

404, 408, 396, 395, 421, 380, 429, 393

341, 416, 341, 393, 360, 393, 360, 416

351, 437, 343, 423, 394, 396, 401, 410

316, 431, 308, 414, 334, 402, 342, 419

613, 438, 611, 416, 663, 412, 665, 434

772, 433, 772, 421, 827, 421, 827, 433

424, 557, 410, 540, 477, 484, 491, 500

336, 637, 319, 618, 408, 540, 426, 560

720, 649, 693, 649, 693, 633, 720, 633

726, 691, 699, 691, 699, 677, 726, 677

475, 734, 475, 697, 508, 697, 508, 734

456, 766, 445, 737, 489, 719, 500, 749

419, 775, 419, 741, 437, 741, 437, 775

397, 792, 397, 769, 416, 769, 416, 792

