412, 208, 411, 186, 477, 183, 478, 205

371, 209, 371, 188, 409, 188, 409, 209

317, 211, 317, 191, 364, 191, 364, 211

635, 265, 632, 241, 711, 233, 713, 257

695, 282, 693, 257, 749, 254, 751, 278

611, 289, 610, 266, 688, 260, 690, 282

695, 307, 693, 285, 757, 281, 759, 302

606, 312, 605, 292, 686, 286, 688, 306

683, 327, 683, 307, 753, 307, 753, 327

643, 333, 643, 310, 679, 310, 679, 333

617, 333, 617, 317, 638, 317, 638, 333

682, 352, 682, 331, 730, 331, 730, 352

645, 352, 645, 336, 677, 336, 677, 352

