576, 306, 571, 279, 668, 259, 674, 286

177, 292, 177, 278, 243, 278, 243, 292

248, 290, 248, 278, 295, 278, 295, 290

264, 307, 264, 295, 295, 295, 295, 307

184, 309, 184, 297, 219, 297, 219, 309

260, 307, 225, 307, 225, 297, 260, 297

117, 357, 68, 351, 73, 306, 122, 312

186, 326, 185, 312, 277, 308, 278, 321

273, 343, 203, 343, 203, 327, 273, 327

600, 357, 598, 338, 642, 332, 645, 351

205, 382, 204, 354, 274, 351, 275, 379

602, 374, 600, 358, 643, 354, 645, 370

644, 395, 604, 395, 604, 381, 644, 381

229, 405, 229, 385, 273, 385, 273, 405

207, 409, 207, 387, 228, 387, 228, 409

763, 656, 487, 621, 491, 583, 767, 618

675, 684, 431, 645, 435, 624, 678, 662

