1070, 65, 999, 62, 1001, 32, 1072, 35

1133, 64, 1075, 60, 1076, 40, 1134, 44

184, 242, 173, 116, 295, 105, 306, 231

600, 172, 598, 116, 669, 113, 671, 169

384, 247, 384, 137, 446, 137, 446, 247

453, 237, 453, 156, 511, 156, 511, 237

520, 241, 519, 216, 570, 213, 572, 238

392, 326, 388, 252, 573, 242, 577, 316

515, 360, 510, 331, 643, 309, 648, 338

357, 393, 352, 359, 462, 340, 468, 374

591, 371, 588, 354, 644, 345, 647, 361

514, 385, 511, 366, 583, 352, 587, 371

245, 418, 237, 382, 347, 356, 355, 393

311, 430, 306, 404, 411, 383, 417, 409

