810, 107, 797, 77, 891, 38, 903, 67

1069, 128, 1061, 96, 1130, 79, 1138, 110

1038, 132, 1038, 101, 1060, 101, 1060, 132

993, 148, 984, 119, 1031, 103, 1041, 133

1069, 166, 1060, 133, 1158, 109, 1167, 142

822, 155, 822, 135, 838, 135, 838, 155

794, 166, 794, 137, 815, 137, 815, 166

993, 183, 986, 150, 1058, 135, 1065, 168

1042, 250, 1039, 216, 1126, 210, 1129, 244

1137, 243, 1134, 214, 1177, 210, 1179, 239

990, 257, 987, 228, 1036, 223, 1039, 252

1169, 288, 1166, 252, 1319, 238, 1323, 275

1074, 288, 1072, 253, 1163, 249, 1164, 285

990, 292, 988, 261, 1068, 258, 1069, 289

959, 441, 791, 415, 805, 321, 974, 347

1135, 378, 1044, 368, 1048, 333, 1139, 342

995, 367, 995, 340, 1041, 340, 1041, 367

1203, 378, 1144, 373, 1146, 351, 1205, 357

1320, 389, 1225, 381, 1227, 354, 1322, 362

1017, 399, 997, 399, 997, 372, 1017, 372

1072, 409, 1016, 403, 1020, 371, 1076, 378

1166, 424, 1078, 416, 1081, 381, 1169, 389

1115, 532, 993, 490, 1004, 458, 1126, 499

1280, 579, 1120, 528, 1130, 497, 1290, 548

