617, 282, 612, 254, 710, 237, 715, 265

205, 262, 205, 248, 275, 248, 275, 262

329, 262, 281, 262, 281, 248, 329, 248

212, 279, 212, 267, 250, 267, 250, 279

255, 279, 255, 267, 293, 267, 293, 279

296, 279, 296, 267, 329, 267, 329, 279

93, 322, 88, 283, 147, 276, 152, 315

205, 297, 204, 283, 311, 279, 312, 293

231, 313, 231, 297, 306, 297, 306, 313

639, 330, 639, 312, 687, 312, 687, 330

237, 355, 235, 327, 306, 321, 309, 350

645, 351, 644, 336, 688, 333, 689, 348

261, 380, 261, 355, 304, 355, 304, 380

645, 374, 644, 357, 688, 354, 689, 371

238, 382, 238, 361, 260, 361, 260, 382

818, 639, 541, 605, 545, 565, 823, 600

720, 667, 474, 630, 477, 608, 723, 645

