708, 137, 703, 101, 732, 98, 737, 133

678, 154, 671, 121, 701, 115, 708, 147

626, 262, 616, 213, 708, 194, 718, 243

558, 283, 548, 230, 617, 217, 627, 270

1062, 247, 1058, 225, 1106, 216, 1110, 238

1058, 286, 1053, 251, 1123, 240, 1129, 276

1206, 275, 1206, 265, 1237, 265, 1237, 275

977, 305, 977, 293, 1006, 293, 1006, 305

604, 321, 603, 306, 660, 302, 661, 317

1040, 337, 1039, 317, 1165, 311, 1166, 331

1059, 355, 1058, 338, 1126, 334, 1127, 352

1044, 377, 1044, 359, 1067, 359, 1067, 377

1087, 375, 1087, 359, 1132, 359, 1132, 375

