1171, 66, 1166, 48, 1218, 34, 1223, 51

1166, 90, 1160, 68, 1233, 47, 1239, 69

1031, 107, 1028, 94, 1063, 85, 1067, 97

1226, 147, 1220, 116, 1276, 105, 1282, 135

1068, 175, 1063, 144, 1148, 129, 1154, 160

1278, 183, 1234, 183, 1234, 171, 1278, 171

826, 257, 826, 181, 890, 181, 890, 257

795, 209, 727, 209, 727, 186, 795, 186

1222, 241, 1202, 195, 1229, 183, 1250, 229

979, 266, 979, 216, 1030, 216, 1030, 266

1053, 245, 1053, 220, 1067, 220, 1067, 245

1204, 262, 1203, 243, 1245, 240, 1246, 259

1040, 271, 1040, 252, 1069, 252, 1069, 271

