164, 59, 148, 44, 191, 0, 207, 11

305, 51, 292, 39, 326, 0, 339, 11

97, 138, 79, 122, 143, 46, 162, 62

572, 91, 569, 69, 619, 62, 622, 84

440, 111, 440, 86, 452, 86, 452, 111

45, 196, 26, 179, 76, 123, 95, 140

197, 192, 197, 159, 222, 159, 222, 192

800, 179, 800, 167, 832, 167, 832, 179

749, 186, 748, 172, 796, 167, 798, 182

298, 306, 280, 190, 429, 167, 447, 284

163, 263, 141, 248, 184, 183, 206, 198

589, 234, 587, 212, 639, 207, 641, 229

827, 284, 794, 284, 794, 274, 827, 274

411, 329, 403, 311, 427, 302, 435, 320

602, 333, 602, 308, 653, 308, 653, 333

384, 343, 376, 326, 402, 314, 409, 331

337, 362, 330, 344, 374, 326, 381, 344

410, 350, 410, 329, 431, 329, 431, 350

370, 374, 361, 358, 401, 336, 410, 352

405, 375, 399, 360, 424, 350, 430, 366

766, 367, 766, 357, 799, 357, 799, 367

343, 382, 343, 361, 362, 361, 362, 382

353, 406, 345, 391, 397, 363, 405, 378

320, 396, 312, 380, 337, 368, 345, 384

613, 412, 611, 390, 662, 386, 664, 408

770, 412, 770, 400, 823, 400, 823, 412

426, 529, 411, 512, 476, 455, 491, 472

337, 609, 320, 588, 410, 512, 427, 533

718, 632, 690, 632, 690, 613, 718, 613

457, 771, 426, 746, 489, 666, 520, 691

510, 740, 497, 738, 502, 712, 515, 714

417, 751, 417, 727, 435, 727, 435, 751

