157, 73, 141, 59, 186, 9, 202, 23

302, 63, 290, 51, 325, 16, 337, 28

90, 147, 72, 131, 139, 56, 157, 72

576, 103, 572, 82, 622, 73, 626, 94

37, 207, 18, 191, 68, 135, 87, 151

206, 205, 188, 190, 210, 163, 228, 178

757, 194, 756, 182, 803, 176, 805, 189

303, 317, 285, 199, 435, 177, 453, 294

161, 273, 139, 257, 185, 193, 207, 208

600, 242, 597, 219, 649, 214, 651, 236

807, 288, 807, 278, 838, 278, 838, 288

419, 335, 419, 312, 442, 312, 442, 335

617, 337, 617, 312, 668, 312, 668, 337

394, 351, 385, 335, 410, 321, 419, 337

347, 371, 339, 354, 382, 334, 390, 351

421, 356, 421, 338, 442, 338, 442, 356

380, 381, 372, 365, 413, 344, 421, 360

420, 385, 411, 370, 439, 353, 448, 368

354, 390, 354, 368, 373, 368, 373, 390

364, 415, 356, 400, 408, 369, 417, 384

329, 406, 321, 389, 346, 377, 355, 393

631, 417, 629, 395, 680, 389, 682, 412

843, 414, 792, 414, 792, 402, 843, 402

445, 537, 430, 519, 496, 461, 511, 478

800, 480, 800, 468, 840, 468, 840, 480

355, 622, 335, 601, 425, 517, 445, 538

487, 786, 452, 759, 514, 679, 550, 706

527, 781, 510, 773, 536, 724, 552, 732

445, 768, 445, 735, 463, 735, 463, 768

421, 792, 421, 763, 442, 763, 442, 792

