619, 296, 613, 269, 711, 249, 717, 276

203, 281, 203, 267, 273, 267, 273, 281

281, 281, 281, 267, 329, 267, 329, 281

212, 298, 212, 287, 250, 287, 250, 298

255, 298, 255, 287, 291, 287, 291, 298

95, 345, 95, 304, 146, 304, 146, 345

207, 318, 207, 304, 312, 304, 312, 318

233, 335, 233, 319, 310, 319, 310, 335

645, 343, 645, 325, 689, 325, 689, 343

238, 374, 237, 346, 309, 343, 310, 371

648, 368, 645, 350, 692, 341, 695, 359

650, 389, 648, 372, 693, 367, 695, 384

242, 403, 239, 381, 306, 374, 309, 396

818, 644, 535, 622, 538, 580, 821, 603

729, 674, 484, 644, 486, 622, 731, 653

