696, 118, 692, 79, 721, 76, 725, 114

665, 134, 665, 97, 692, 97, 692, 134

616, 250, 603, 200, 696, 176, 708, 226

550, 270, 536, 217, 606, 200, 619, 252

1048, 232, 1047, 207, 1096, 204, 1097, 229

1045, 278, 1039, 243, 1110, 229, 1116, 265

965, 298, 963, 285, 996, 280, 998, 293

593, 309, 592, 294, 650, 289, 652, 304

1031, 326, 1030, 305, 1152, 303, 1153, 323

1050, 344, 1050, 328, 1115, 328, 1115, 344

1031, 371, 1031, 353, 1056, 353, 1056, 371

1074, 369, 1074, 353, 1121, 353, 1121, 369

