1212, 268, 1208, 240, 1318, 225, 1322, 252

1067, 289, 1063, 253, 1203, 237, 1207, 273

1007, 296, 1007, 261, 1058, 261, 1058, 296

1158, 328, 1155, 305, 1218, 297, 1221, 321

1061, 334, 1059, 315, 1150, 307, 1152, 326

1109, 360, 1109, 342, 1162, 342, 1162, 360

1209, 363, 1167, 363, 1167, 342, 1209, 342

1074, 360, 1074, 344, 1103, 344, 1103, 360

1096, 390, 1096, 374, 1144, 374, 1144, 390

1091, 388, 1038, 388, 1038, 376, 1091, 376

1177, 390, 1150, 390, 1150, 376, 1177, 376

1182, 390, 1182, 376, 1235, 376, 1235, 390

1315, 395, 1249, 395, 1249, 376, 1315, 376

1111, 457, 1026, 452, 1027, 437, 1112, 442

1172, 459, 1120, 459, 1120, 445, 1172, 445

1218, 461, 1180, 461, 1180, 445, 1218, 445

1252, 463, 1223, 463, 1223, 447, 1252, 447

