157, 131, 8, 59, 26, 21, 176, 93

874, 119, 874, 56, 912, 56, 912, 119

804, 162, 782, 125, 865, 77, 887, 114

1029, 213, 1029, 176, 1071, 176, 1071, 213

1033, 243, 1032, 218, 1072, 215, 1074, 241

320, 249, 320, 231, 360, 231, 360, 249

272, 251, 272, 235, 314, 235, 314, 251

229, 254, 229, 238, 267, 238, 267, 254

272, 271, 271, 255, 352, 251, 353, 267

238, 274, 236, 259, 266, 255, 268, 271

287, 295, 286, 279, 348, 274, 350, 291

244, 298, 244, 280, 284, 280, 284, 298

281, 315, 279, 299, 356, 293, 357, 309

236, 316, 236, 302, 275, 302, 275, 316

300, 337, 300, 321, 347, 321, 347, 337

231, 343, 230, 327, 294, 324, 295, 340

296, 358, 296, 340, 336, 340, 336, 358

240, 360, 240, 344, 291, 344, 291, 360

169, 388, 169, 366, 187, 366, 187, 388

281, 387, 279, 369, 322, 365, 324, 383

143, 395, 143, 370, 163, 370, 163, 395

227, 390, 227, 372, 275, 372, 275, 390

111, 403, 106, 377, 134, 371, 139, 398

