1152, 425, 1150, 400, 1210, 394, 1212, 420

1087, 427, 1087, 402, 1147, 402, 1147, 427

1182, 451, 1181, 430, 1247, 426, 1248, 448

1141, 450, 1141, 430, 1177, 430, 1177, 450

1100, 450, 1100, 432, 1136, 432, 1136, 450

1064, 454, 1064, 434, 1095, 434, 1095, 454

1163, 497, 1163, 470, 1241, 470, 1241, 497

1115, 491, 1115, 472, 1134, 472, 1134, 491

1126, 525, 1073, 522, 1074, 506, 1127, 509

1271, 531, 1157, 526, 1158, 511, 1272, 516

1174, 547, 1124, 541, 1126, 525, 1176, 531

1180, 548, 1180, 532, 1216, 532, 1216, 548

