580, 295, 574, 267, 669, 245, 676, 274

192, 287, 191, 272, 253, 269, 254, 285

261, 281, 261, 270, 306, 270, 306, 281

274, 298, 274, 287, 306, 287, 306, 298

232, 301, 199, 301, 199, 289, 232, 289

195, 321, 194, 305, 290, 299, 291, 315

95, 344, 84, 321, 117, 304, 129, 328

218, 335, 218, 319, 286, 319, 286, 335

604, 343, 602, 326, 648, 322, 650, 339

223, 374, 222, 346, 287, 343, 288, 371

609, 364, 608, 347, 650, 343, 652, 360

609, 389, 607, 370, 653, 365, 656, 383

225, 402, 222, 381, 276, 374, 279, 394

773, 652, 500, 616, 505, 577, 778, 613

689, 680, 444, 638, 447, 617, 693, 659

