283, 135, 65, 120, 69, 69, 287, 84

149, 154, 90, 150, 91, 124, 151, 129

287, 164, 156, 155, 158, 129, 289, 139

307, 421, 303, 380, 473, 365, 476, 406

61, 452, 56, 406, 295, 381, 300, 426

429, 441, 426, 420, 471, 413, 474, 435

361, 453, 358, 425, 420, 418, 424, 445

315, 461, 311, 432, 353, 426, 357, 455

238, 471, 235, 441, 309, 433, 312, 463

184, 480, 179, 451, 226, 444, 230, 473

117, 489, 113, 459, 175, 451, 179, 481

380, 483, 378, 466, 421, 460, 423, 477

59, 498, 56, 468, 110, 463, 113, 493

313, 493, 313, 481, 338, 481, 338, 493

441, 536, 438, 522, 484, 512, 487, 526

359, 554, 356, 543, 402, 531, 405, 542

