413, 195, 411, 174, 490, 167, 491, 188

918, 255, 911, 226, 953, 216, 960, 245

208, 315, 200, 285, 287, 262, 295, 292

477, 298, 477, 282, 519, 282, 519, 298

443, 303, 443, 287, 472, 287, 472, 303

404, 305, 404, 291, 437, 291, 437, 305

528, 313, 496, 313, 496, 302, 528, 302

466, 316, 466, 304, 491, 304, 491, 316

399, 321, 398, 310, 460, 305, 461, 316

255, 365, 255, 319, 344, 319, 344, 365

462, 355, 460, 333, 531, 328, 533, 349

919, 365, 912, 345, 949, 330, 957, 350

402, 360, 400, 338, 455, 334, 457, 357

413, 398, 410, 364, 524, 354, 527, 388

291, 411, 281, 380, 346, 358, 356, 389

412, 424, 410, 401, 532, 389, 535, 412

