1155, 80, 1141, 36, 1272, 0, 1286, 39

1286, 37, 1282, 9, 1337, 1, 1341, 29

725, 98, 725, 73, 776, 73, 776, 98

833, 97, 779, 91, 781, 70, 835, 75

959, 140, 951, 109, 1007, 94, 1016, 125

770, 123, 770, 107, 812, 107, 812, 123

723, 128, 723, 109, 765, 109, 765, 128

818, 123, 818, 109, 843, 109, 843, 123

688, 132, 688, 112, 720, 112, 720, 132

757, 146, 756, 128, 809, 124, 810, 142

1138, 175, 1132, 146, 1208, 132, 1214, 161

788, 224, 788, 197, 847, 197, 847, 224

719, 230, 717, 203, 781, 199, 783, 226

798, 305, 796, 279, 852, 274, 854, 300

730, 314, 726, 290, 780, 281, 784, 306

757, 378, 756, 360, 844, 354, 845, 372

742, 404, 740, 384, 857, 370, 859, 391

