175, 68, 160, 53, 208, 6, 222, 20

323, 58, 310, 47, 343, 9, 356, 20

753, 51, 753, 39, 784, 39, 784, 51

483, 87, 470, 80, 492, 37, 506, 45

101, 142, 85, 126, 156, 53, 172, 69

589, 101, 587, 80, 638, 73, 641, 95

463, 121, 450, 111, 467, 88, 480, 98

44, 203, 26, 185, 81, 130, 99, 148

211, 200, 196, 182, 222, 159, 238, 177

304, 313, 288, 196, 440, 175, 456, 292

816, 190, 813, 179, 842, 173, 844, 184

764, 195, 763, 182, 809, 178, 810, 191

161, 268, 141, 251, 194, 188, 214, 205

602, 241, 600, 217, 652, 214, 654, 238

841, 288, 841, 276, 868, 276, 868, 288

805, 290, 805, 280, 838, 280, 838, 290

783, 303, 783, 293, 840, 293, 840, 303

418, 335, 410, 317, 434, 306, 442, 325

611, 337, 611, 312, 664, 312, 664, 337

385, 347, 379, 331, 407, 319, 414, 336

340, 367, 333, 350, 377, 333, 383, 349

414, 354, 414, 336, 435, 336, 435, 354

387, 370, 380, 355, 406, 343, 413, 359

369, 375, 369, 355, 385, 355, 385, 375

412, 382, 403, 370, 425, 354, 434, 366

348, 388, 341, 371, 361, 362, 369, 379

353, 410, 346, 395, 401, 368, 408, 384

320, 402, 312, 384, 338, 373, 346, 390

619, 416, 617, 393, 669, 390, 670, 413

779, 417, 778, 404, 831, 401, 832, 415

422, 535, 408, 519, 479, 460, 492, 477

327, 616, 309, 593, 408, 518, 426, 541

720, 636, 690, 636, 690, 615, 720, 615

695, 679, 695, 662, 722, 662, 722, 679

459, 767, 426, 740, 481, 672, 515, 699

402, 762, 402, 733, 422, 733, 422, 762

380, 779, 380, 759, 401, 759, 401, 779

