126, 56, 110, 40, 156, 0, 171, 10

266, 54, 250, 42, 287, 0, 303, 2

62, 135, 43, 119, 109, 41, 128, 57

537, 82, 533, 61, 586, 52, 590, 74

10, 196, 0, 181, 40, 120, 59, 135

173, 190, 157, 176, 179, 150, 195, 164

775, 168, 774, 157, 803, 154, 804, 165

723, 176, 721, 163, 768, 157, 770, 169

268, 305, 248, 185, 399, 160, 419, 280

130, 261, 107, 247, 151, 177, 174, 191

561, 226, 558, 203, 611, 198, 613, 220

809, 273, 809, 259, 838, 259, 838, 273

775, 275, 775, 263, 806, 263, 806, 275

382, 324, 382, 299, 403, 299, 403, 324

578, 326, 577, 303, 628, 300, 630, 323

355, 341, 346, 325, 374, 309, 383, 325

310, 360, 302, 341, 346, 324, 353, 343

382, 348, 382, 327, 403, 327, 403, 348

341, 371, 333, 355, 375, 334, 383, 350

380, 375, 372, 360, 398, 347, 405, 361

317, 382, 313, 361, 335, 357, 338, 379

327, 405, 318, 390, 369, 361, 377, 376

293, 397, 284, 379, 308, 367, 317, 384

593, 409, 591, 387, 643, 383, 645, 404

757, 407, 757, 393, 812, 393, 812, 407

405, 534, 389, 517, 456, 457, 472, 474

312, 622, 293, 601, 389, 518, 407, 539

693, 687, 693, 671, 722, 671, 722, 687

450, 799, 409, 772, 472, 675, 514, 703

401, 778, 396, 743, 419, 740, 424, 774

473, 783, 473, 761, 487, 761, 487, 783

378, 798, 378, 769, 398, 769, 398, 798

