1187, 110, 1176, 66, 1304, 32, 1316, 76

1316, 74, 1312, 47, 1364, 40, 1368, 67

810, 106, 759, 106, 759, 84, 810, 84

867, 109, 814, 103, 816, 82, 869, 88

719, 138, 718, 119, 751, 116, 753, 135

797, 134, 757, 134, 757, 118, 797, 118

805, 134, 805, 118, 836, 118, 836, 134

992, 158, 986, 126, 1042, 116, 1048, 147

792, 155, 792, 139, 845, 139, 845, 155

1166, 199, 1162, 172, 1235, 163, 1238, 190

820, 234, 820, 208, 879, 208, 879, 234

747, 234, 747, 210, 815, 210, 815, 234

826, 309, 826, 287, 884, 287, 884, 309

758, 320, 754, 295, 807, 288, 810, 313

785, 384, 784, 366, 872, 359, 873, 377

768, 404, 767, 387, 885, 379, 886, 397

