281, 154, 57, 138, 61, 85, 285, 101

82, 172, 82, 148, 140, 148, 140, 172

282, 183, 147, 173, 149, 145, 284, 155

289, 443, 285, 401, 459, 383, 464, 425

39, 477, 33, 432, 279, 399, 285, 445

343, 472, 339, 446, 404, 438, 407, 464

414, 471, 414, 440, 439, 440, 439, 471

298, 482, 294, 452, 337, 447, 340, 477

217, 494, 214, 465, 292, 455, 296, 484

162, 502, 157, 473, 203, 466, 207, 495

412, 493, 412, 475, 442, 475, 442, 493

94, 513, 90, 484, 154, 477, 157, 506

361, 502, 359, 485, 404, 480, 406, 497

36, 523, 31, 493, 85, 485, 89, 515

231, 524, 229, 514, 290, 506, 291, 516

422, 554, 419, 542, 461, 531, 465, 544

337, 572, 335, 561, 380, 552, 382, 564

