303, 139, 71, 119, 76, 67, 308, 87

160, 156, 98, 150, 100, 123, 162, 129

306, 168, 167, 157, 169, 130, 309, 141

321, 425, 319, 382, 493, 371, 496, 414

66, 454, 62, 410, 310, 385, 315, 430

448, 445, 445, 425, 490, 419, 493, 438

378, 457, 375, 431, 437, 423, 440, 449

330, 466, 326, 436, 370, 430, 374, 460

248, 476, 245, 447, 324, 437, 328, 466

194, 482, 190, 454, 238, 446, 242, 475

126, 493, 122, 462, 186, 454, 190, 485

448, 479, 445, 462, 487, 454, 490, 471

65, 499, 63, 468, 117, 465, 119, 496

395, 487, 393, 470, 438, 464, 440, 481

330, 497, 329, 485, 369, 482, 370, 495

225, 509, 223, 498, 255, 494, 257, 505

458, 536, 456, 524, 499, 517, 501, 529

376, 554, 374, 543, 417, 535, 419, 546

