289, 80, 275, 69, 306, 30, 320, 42

149, 93, 135, 79, 179, 35, 193, 49

714, 55, 714, 43, 746, 43, 746, 55

427, 140, 411, 132, 452, 48, 469, 57

80, 170, 63, 154, 130, 82, 147, 97

550, 113, 547, 92, 598, 84, 601, 105

28, 228, 10, 212, 60, 157, 78, 173

783, 194, 783, 182, 812, 182, 812, 194

729, 202, 727, 189, 777, 182, 779, 196

183, 222, 169, 206, 193, 184, 207, 200

276, 330, 257, 217, 403, 192, 423, 305

138, 289, 118, 273, 168, 211, 188, 227

565, 251, 563, 230, 617, 225, 619, 247

775, 299, 774, 289, 807, 286, 808, 297

382, 350, 382, 323, 403, 323, 403, 350

578, 350, 578, 325, 629, 325, 629, 350

355, 365, 347, 349, 375, 334, 383, 350

311, 384, 303, 368, 345, 349, 352, 365

382, 371, 382, 353, 403, 353, 403, 371

341, 394, 333, 377, 373, 358, 381, 376

315, 405, 315, 383, 334, 383, 334, 405

324, 428, 316, 413, 367, 384, 375, 399

292, 421, 282, 406, 307, 389, 317, 404

587, 430, 585, 407, 638, 403, 640, 426

806, 429, 751, 429, 751, 417, 806, 417

395, 550, 381, 534, 448, 476, 462, 492

757, 495, 757, 485, 797, 485, 797, 495

301, 634, 284, 612, 380, 535, 397, 557

667, 657, 667, 637, 696, 637, 696, 657

700, 702, 673, 702, 673, 686, 700, 686

423, 804, 387, 778, 454, 689, 490, 716

455, 805, 438, 795, 473, 739, 490, 749

378, 785, 378, 754, 398, 754, 398, 785

368, 812, 353, 807, 364, 775, 379, 780

