929, 70, 806, 53, 810, 28, 932, 45

1052, 87, 937, 71, 941, 43, 1056, 59

771, 172, 751, 172, 751, 126, 771, 126

842, 153, 808, 148, 812, 123, 846, 129

896, 162, 844, 156, 848, 127, 899, 133

945, 166, 901, 163, 904, 133, 948, 136

976, 168, 951, 168, 951, 141, 976, 141

783, 174, 771, 171, 776, 144, 788, 146

838, 183, 801, 180, 803, 153, 841, 156

1094, 436, 969, 428, 971, 399, 1096, 407

1191, 443, 1099, 434, 1102, 406, 1194, 415

1378, 502, 953, 489, 955, 437, 1379, 450

1240, 538, 1240, 517, 1375, 517, 1375, 538

