1171, 45, 1166, 27, 1222, 12, 1227, 30

1169, 73, 1162, 52, 1236, 25, 1244, 47

1020, 94, 1015, 79, 1058, 66, 1063, 82

1233, 128, 1225, 97, 1281, 84, 1288, 114

1062, 162, 1056, 130, 1147, 114, 1152, 146

1287, 168, 1238, 168, 1238, 154, 1287, 154

813, 255, 805, 178, 872, 172, 880, 249

777, 206, 705, 202, 706, 179, 778, 183

1219, 219, 1219, 195, 1250, 195, 1250, 219

971, 255, 968, 211, 1021, 207, 1024, 251

1202, 247, 1202, 225, 1252, 225, 1252, 247

1031, 262, 1031, 242, 1063, 242, 1063, 262

