1112, 198, 1081, 198, 1081, 188, 1112, 188

1104, 215, 1104, 203, 1132, 203, 1132, 215

785, 262, 785, 225, 953, 225, 953, 262

303, 296, 221, 287, 224, 256, 307, 265

874, 284, 874, 272, 903, 272, 903, 284

961, 286, 908, 286, 908, 272, 961, 272

74, 305, 74, 287, 116, 287, 116, 305

862, 345, 833, 345, 833, 334, 862, 334

848, 369, 848, 355, 899, 355, 899, 369

976, 369, 926, 369, 926, 355, 976, 355

792, 397, 792, 385, 836, 385, 836, 397

1087, 450, 1087, 396, 1278, 396, 1278, 450

1279, 487, 1088, 484, 1089, 452, 1280, 455

393, 480, 393, 464, 422, 464, 422, 480

1165, 685, 1151, 676, 1164, 657, 1177, 666

372, 700, 198, 687, 199, 669, 373, 682

