141, 126, 102, 111, 114, 80, 153, 96

219, 164, 138, 127, 152, 98, 232, 136

356, 227, 223, 167, 236, 139, 368, 199

1014, 164, 1014, 148, 1065, 148, 1065, 164

984, 201, 982, 186, 1049, 178, 1050, 193

1053, 194, 1053, 180, 1108, 180, 1108, 194

988, 217, 987, 202, 1057, 197, 1058, 212

1061, 211, 1061, 201, 1116, 201, 1116, 211

1119, 245, 1042, 245, 1042, 231, 1119, 231

984, 252, 982, 238, 1031, 229, 1033, 244

991, 337, 989, 322, 1032, 315, 1035, 329

1093, 330, 1038, 330, 1038, 317, 1093, 317

1024, 347, 1024, 335, 1105, 335, 1105, 347

481, 380, 480, 344, 781, 339, 782, 374

499, 501, 499, 485, 534, 485, 534, 501

