432, 93, 419, 68, 463, 47, 475, 71

857, 205, 518, 148, 529, 79, 869, 136

117, 125, 117, 103, 155, 103, 155, 125

194, 119, 160, 119, 160, 103, 194, 103

51, 136, 48, 111, 106, 106, 109, 130

149, 147, 149, 126, 185, 126, 185, 147

115, 151, 115, 131, 144, 131, 144, 151

1070, 237, 1068, 223, 1109, 219, 1111, 233

1068, 255, 1066, 238, 1135, 232, 1136, 248

1083, 270, 1081, 254, 1165, 242, 1168, 257

1057, 286, 1057, 272, 1091, 272, 1091, 286

1064, 301, 1064, 287, 1110, 287, 1110, 301

1115, 377, 1115, 361, 1166, 361, 1166, 377

1057, 380, 1057, 364, 1110, 364, 1110, 380

1056, 424, 1056, 410, 1128, 410, 1128, 424

1072, 456, 1072, 445, 1116, 445, 1116, 456

