1273, 155, 1273, 139, 1302, 139, 1302, 155

507, 179, 507, 163, 534, 163, 534, 179

1068, 175, 1068, 163, 1095, 163, 1095, 175

477, 181, 477, 167, 504, 167, 504, 181

455, 185, 455, 169, 474, 169, 474, 185

425, 190, 423, 173, 449, 170, 451, 188

365, 199, 363, 181, 421, 173, 423, 190

1081, 188, 1080, 178, 1113, 174, 1114, 184

1053, 192, 1053, 178, 1075, 178, 1075, 192

268, 209, 265, 187, 349, 177, 352, 198

1070, 215, 1070, 203, 1099, 203, 1099, 215

988, 243, 986, 218, 1049, 214, 1051, 239

192, 324, 192, 304, 250, 304, 250, 324

240, 427, 201, 423, 203, 401, 242, 406

253, 529, 202, 526, 203, 505, 254, 508

