600, 292, 595, 265, 694, 246, 699, 273

195, 277, 195, 263, 260, 263, 260, 277

266, 277, 266, 263, 312, 263, 312, 277

197, 294, 197, 280, 237, 280, 237, 294

240, 292, 240, 280, 278, 280, 278, 292

281, 292, 281, 280, 312, 280, 312, 292

85, 337, 85, 295, 135, 295, 135, 337

195, 312, 194, 299, 242, 294, 243, 308

244, 307, 244, 297, 295, 297, 295, 307

218, 328, 218, 312, 291, 312, 291, 328

624, 341, 622, 324, 667, 319, 669, 337

223, 366, 222, 338, 292, 334, 293, 362

626, 360, 625, 345, 671, 340, 672, 356

626, 383, 624, 365, 671, 360, 673, 378

244, 388, 244, 370, 288, 370, 288, 388

225, 392, 225, 372, 243, 372, 243, 392

785, 638, 514, 605, 519, 566, 789, 599

698, 665, 449, 627, 452, 607, 701, 644

