583, 292, 577, 264, 676, 244, 681, 273

254, 277, 190, 277, 190, 263, 254, 263

259, 277, 259, 263, 304, 263, 304, 277

230, 294, 192, 294, 192, 280, 230, 280

236, 294, 236, 280, 271, 280, 271, 294

272, 292, 272, 280, 304, 280, 304, 292

82, 338, 77, 298, 132, 291, 137, 330

190, 311, 190, 297, 288, 297, 288, 311

212, 327, 212, 311, 282, 311, 282, 327

609, 340, 607, 325, 648, 321, 650, 337

214, 367, 214, 338, 282, 338, 282, 367

609, 360, 609, 346, 651, 346, 651, 360

611, 384, 610, 370, 650, 367, 651, 381

214, 397, 214, 372, 278, 372, 278, 397

759, 655, 483, 616, 489, 575, 764, 614

675, 681, 430, 641, 433, 620, 678, 660

