348, 170, 289, 138, 304, 111, 363, 142

449, 280, 280, 228, 303, 154, 472, 206

540, 300, 538, 280, 575, 276, 577, 296

633, 296, 583, 296, 583, 278, 633, 278

348, 326, 271, 320, 274, 284, 351, 290

376, 322, 376, 297, 407, 297, 407, 322

419, 386, 416, 359, 464, 354, 467, 381

402, 388, 402, 361, 416, 361, 416, 388

330, 403, 330, 366, 375, 366, 375, 403

382, 392, 382, 366, 398, 366, 398, 392

279, 414, 279, 372, 325, 372, 325, 414

216, 424, 210, 388, 271, 378, 277, 415

593, 553, 593, 539, 625, 539, 625, 553

