149, 117, 110, 101, 122, 70, 161, 86

227, 155, 146, 117, 160, 89, 240, 126

1010, 149, 1010, 135, 1058, 135, 1058, 149

363, 219, 233, 161, 246, 133, 375, 192

979, 188, 977, 171, 1038, 165, 1040, 182

1093, 183, 1046, 183, 1046, 169, 1093, 169

982, 207, 980, 189, 1107, 181, 1108, 199

1030, 234, 1030, 220, 1090, 220, 1090, 234

979, 243, 976, 228, 1023, 220, 1026, 234

1029, 322, 1029, 306, 1084, 306, 1084, 322

984, 326, 982, 311, 1024, 306, 1026, 321

1016, 339, 1016, 327, 1093, 327, 1093, 339

488, 375, 487, 339, 783, 333, 784, 368

543, 499, 509, 499, 509, 483, 543, 483

