280, 159, 66, 148, 69, 98, 283, 109

145, 181, 87, 176, 89, 154, 147, 159

280, 190, 152, 179, 154, 153, 283, 165

288, 437, 284, 397, 453, 383, 456, 422

44, 464, 40, 421, 277, 398, 281, 441

408, 455, 405, 435, 451, 429, 454, 449

339, 467, 336, 440, 399, 434, 402, 461

295, 475, 291, 447, 333, 441, 337, 469

214, 485, 210, 456, 288, 446, 292, 475

162, 491, 158, 463, 203, 457, 207, 485

98, 499, 96, 469, 154, 465, 156, 495

408, 486, 408, 470, 450, 470, 450, 486

39, 508, 37, 477, 89, 474, 91, 505

356, 496, 354, 480, 395, 475, 397, 491

289, 506, 289, 494, 323, 494, 323, 506

190, 519, 188, 506, 221, 502, 222, 515

414, 548, 410, 534, 457, 523, 460, 538

333, 562, 331, 550, 378, 542, 380, 554

