1203, 269, 1199, 242, 1313, 226, 1317, 253

1049, 288, 1046, 252, 1193, 238, 1196, 274

990, 294, 990, 259, 1041, 259, 1041, 294

1145, 329, 1142, 306, 1210, 298, 1212, 321

1046, 333, 1044, 313, 1138, 307, 1140, 326

1018, 333, 1018, 317, 1041, 317, 1041, 333

1098, 360, 1098, 342, 1151, 342, 1151, 360

1202, 365, 1156, 362, 1158, 341, 1203, 344

1061, 360, 1061, 344, 1091, 344, 1091, 360

1075, 386, 1027, 386, 1027, 376, 1075, 376

1084, 389, 1084, 375, 1133, 375, 1133, 389

1168, 390, 1141, 390, 1141, 376, 1168, 376

1176, 395, 1176, 378, 1233, 378, 1233, 395

1314, 399, 1246, 396, 1247, 377, 1315, 379

1105, 457, 1047, 453, 1048, 438, 1106, 442

1167, 461, 1112, 458, 1113, 442, 1168, 445

1216, 465, 1176, 465, 1176, 447, 1216, 447

1252, 465, 1221, 465, 1221, 449, 1252, 449

