447, 234, 447, 212, 482, 212, 482, 234

414, 224, 414, 214, 444, 214, 444, 224

530, 239, 486, 239, 486, 214, 530, 214

537, 243, 537, 218, 608, 218, 608, 243

926, 262, 875, 258, 876, 241, 927, 244

1066, 279, 1066, 261, 1151, 261, 1151, 279

1174, 303, 1038, 293, 1040, 275, 1176, 285

147, 363, 147, 323, 174, 323, 174, 363

154, 499, 125, 496, 135, 412, 164, 415

926, 454, 926, 438, 1009, 438, 1009, 454

1080, 459, 1014, 459, 1014, 440, 1080, 440

445, 598, 390, 595, 392, 563, 447, 566

494, 604, 494, 564, 580, 564, 580, 604

451, 597, 451, 569, 489, 569, 489, 597

395, 620, 395, 606, 452, 606, 452, 620

458, 620, 458, 606, 513, 606, 513, 620

