1075, 316, 1040, 316, 1040, 291, 1075, 291

1007, 316, 1007, 293, 1034, 293, 1034, 316

255, 338, 229, 335, 231, 316, 257, 319

999, 345, 999, 321, 1030, 321, 1030, 345

1033, 352, 1033, 323, 1086, 323, 1086, 352

1342, 405, 1262, 399, 1266, 354, 1345, 360

1342, 467, 1263, 450, 1271, 410, 1350, 427

1071, 459, 1002, 444, 1008, 416, 1077, 432

1054, 495, 988, 474, 996, 447, 1063, 468

1344, 514, 1261, 503, 1267, 459, 1350, 470

1088, 497, 1066, 497, 1066, 470, 1088, 470

1341, 556, 1266, 536, 1272, 513, 1348, 533

