699, 198, 696, 174, 742, 169, 745, 193

626, 209, 622, 185, 693, 174, 697, 199

589, 213, 589, 191, 616, 191, 616, 213

563, 215, 563, 195, 584, 195, 584, 215

484, 232, 479, 206, 556, 192, 561, 218

412, 238, 409, 212, 477, 205, 480, 231

287, 258, 283, 227, 387, 214, 391, 244

227, 261, 225, 234, 281, 230, 283, 257

574, 281, 574, 248, 610, 248, 610, 281

487, 297, 482, 260, 561, 250, 566, 287

392, 308, 388, 265, 474, 256, 479, 299

546, 335, 541, 294, 683, 275, 688, 316

320, 372, 314, 327, 532, 299, 538, 345

266, 521, 262, 498, 445, 468, 449, 492

483, 486, 482, 474, 540, 469, 541, 481

