136, 108, 99, 103, 104, 63, 140, 67

215, 147, 132, 110, 145, 79, 229, 116

355, 216, 223, 153, 236, 125, 368, 189

977, 191, 974, 175, 1040, 164, 1042, 181

1101, 183, 1046, 183, 1046, 169, 1101, 169

979, 209, 977, 191, 1104, 179, 1106, 197

979, 244, 977, 229, 1024, 221, 1027, 237

1093, 237, 1033, 237, 1033, 223, 1093, 223

1029, 326, 1029, 310, 1082, 310, 1082, 326

984, 328, 984, 312, 1024, 312, 1024, 328

984, 345, 984, 331, 1095, 331, 1095, 345

483, 377, 482, 342, 779, 338, 780, 373

541, 503, 507, 503, 507, 487, 541, 487

