444, 197, 442, 147, 527, 143, 529, 193

420, 177, 382, 177, 382, 154, 420, 154

176, 219, 171, 177, 364, 154, 369, 196

867, 190, 867, 167, 886, 167, 886, 190

738, 194, 737, 178, 794, 174, 795, 191

134, 298, 113, 187, 177, 175, 198, 286

666, 223, 662, 190, 732, 180, 736, 214

742, 211, 741, 198, 798, 192, 800, 205

223, 288, 223, 244, 254, 244, 254, 288

494, 377, 491, 357, 532, 349, 536, 369

443, 384, 443, 359, 489, 359, 489, 384

516, 397, 511, 375, 579, 360, 584, 382

428, 414, 424, 392, 506, 377, 510, 399

