397, 181, 395, 160, 475, 153, 476, 173

904, 243, 904, 205, 944, 205, 944, 243

198, 304, 189, 273, 276, 251, 284, 282

462, 290, 462, 274, 504, 274, 504, 290

427, 294, 427, 278, 457, 278, 457, 294

389, 296, 389, 280, 422, 280, 422, 296

479, 306, 478, 293, 512, 290, 513, 303

451, 307, 451, 293, 476, 293, 476, 307

386, 312, 385, 299, 445, 296, 446, 308

257, 416, 224, 330, 316, 294, 349, 380

447, 351, 445, 327, 516, 321, 518, 344

387, 356, 384, 331, 441, 326, 443, 350

907, 361, 899, 340, 940, 325, 948, 346

398, 393, 395, 357, 509, 348, 511, 385

400, 424, 396, 399, 518, 384, 521, 409

