201, 151, 106, 141, 110, 99, 205, 109

395, 175, 250, 158, 255, 118, 399, 135

227, 196, 112, 187, 115, 147, 230, 156

352, 206, 235, 196, 238, 160, 355, 170

361, 207, 361, 176, 396, 176, 396, 207

208, 244, 109, 240, 110, 223, 209, 226

113, 279, 113, 263, 157, 263, 157, 279

162, 279, 162, 263, 222, 263, 222, 279

119, 309, 119, 297, 191, 297, 191, 309

169, 326, 169, 308, 211, 308, 211, 326

216, 326, 216, 308, 256, 308, 256, 326

163, 328, 117, 328, 117, 314, 163, 314

201, 363, 201, 346, 260, 346, 260, 363

119, 367, 119, 349, 168, 349, 168, 367

173, 363, 173, 349, 196, 349, 196, 363

352, 388, 352, 378, 383, 378, 383, 388

205, 399, 204, 383, 270, 379, 271, 396

298, 399, 297, 385, 348, 381, 349, 395

123, 406, 122, 389, 197, 383, 199, 401

329, 411, 326, 398, 411, 383, 414, 397

339, 439, 337, 424, 415, 415, 417, 429

126, 446, 124, 427, 221, 417, 223, 436

390, 464, 387, 451, 416, 445, 419, 458

342, 471, 339, 456, 382, 450, 384, 465

188, 476, 186, 459, 227, 453, 229, 470

128, 484, 126, 467, 174, 460, 177, 477

299, 479, 296, 466, 319, 460, 322, 473

195, 513, 192, 496, 227, 491, 230, 507

133, 524, 130, 504, 188, 497, 191, 516

174, 550, 170, 533, 253, 517, 256, 534

136, 553, 136, 536, 166, 536, 166, 553

137, 570, 134, 557, 172, 550, 175, 562

143, 611, 137, 592, 185, 579, 191, 597

