195, 162, 101, 155, 104, 114, 198, 122

384, 176, 243, 165, 246, 127, 387, 137

218, 204, 105, 201, 106, 163, 219, 166

343, 209, 228, 206, 229, 168, 344, 171

350, 209, 350, 178, 385, 178, 385, 209

100, 257, 99, 239, 197, 236, 198, 253

150, 291, 150, 273, 210, 273, 210, 291

102, 295, 100, 278, 145, 274, 147, 292

104, 324, 103, 310, 177, 307, 178, 321

203, 337, 201, 318, 244, 316, 245, 334

158, 341, 156, 322, 197, 317, 199, 336

104, 343, 104, 329, 153, 329, 153, 343

186, 374, 184, 357, 246, 353, 248, 370

160, 377, 160, 359, 181, 359, 181, 377

106, 383, 105, 366, 152, 362, 154, 379

339, 396, 337, 385, 392, 376, 394, 388

190, 410, 188, 394, 255, 387, 257, 403

283, 406, 281, 392, 333, 386, 335, 400

315, 416, 313, 402, 397, 387, 399, 401

109, 423, 106, 406, 184, 394, 187, 412

325, 447, 322, 432, 399, 416, 402, 431

111, 462, 108, 443, 203, 429, 206, 448

374, 467, 372, 454, 400, 450, 402, 463

328, 479, 325, 464, 365, 455, 369, 469

173, 491, 169, 474, 212, 465, 215, 482

114, 502, 110, 485, 158, 475, 161, 492

180, 529, 175, 512, 211, 502, 215, 519

117, 541, 113, 524, 171, 510, 175, 528

157, 566, 153, 549, 236, 530, 240, 547

119, 570, 119, 554, 148, 554, 148, 570

120, 589, 116, 577, 155, 567, 159, 579

124, 630, 118, 612, 167, 596, 173, 614

