1038, 316, 1038, 291, 1065, 291, 1065, 316

1103, 316, 1068, 316, 1068, 291, 1103, 291

247, 326, 223, 326, 223, 308, 247, 308

1029, 343, 1029, 319, 1060, 319, 1060, 343

1113, 351, 1061, 346, 1064, 319, 1115, 324

1366, 403, 1290, 397, 1294, 354, 1370, 360

1368, 462, 1292, 448, 1299, 410, 1375, 424

1101, 455, 1032, 441, 1038, 412, 1107, 427

1084, 490, 1017, 470, 1026, 443, 1092, 463

1371, 511, 1288, 493, 1298, 451, 1379, 470

1098, 493, 1098, 466, 1116, 466, 1116, 493

1368, 549, 1294, 531, 1300, 507, 1374, 526

