942, 49, 880, 39, 885, 12, 946, 22

820, 36, 820, 18, 877, 18, 877, 36

1062, 65, 949, 50, 953, 19, 1066, 34

751, 160, 751, 105, 763, 105, 763, 160

785, 164, 763, 163, 766, 106, 788, 107

803, 166, 784, 165, 790, 106, 809, 108

824, 140, 824, 112, 856, 112, 856, 140

861, 149, 861, 116, 912, 116, 912, 149

953, 154, 913, 150, 916, 118, 956, 123

958, 158, 958, 126, 985, 126, 985, 158

816, 172, 816, 144, 851, 144, 851, 172

1091, 444, 970, 437, 972, 406, 1093, 413

1180, 450, 1095, 443, 1097, 414, 1183, 421

1353, 510, 955, 504, 956, 449, 1354, 456

1346, 550, 1224, 546, 1225, 525, 1347, 529

