922, 67, 863, 60, 867, 34, 926, 41

803, 55, 803, 39, 858, 39, 858, 55

1041, 83, 931, 68, 935, 38, 1045, 53

769, 145, 749, 145, 749, 124, 769, 124

838, 154, 805, 150, 808, 123, 841, 126

844, 160, 844, 129, 894, 129, 894, 160

895, 164, 895, 133, 937, 133, 937, 164

943, 166, 943, 139, 965, 139, 965, 166

778, 177, 765, 173, 775, 140, 787, 144

747, 175, 747, 148, 767, 148, 767, 175

833, 185, 797, 181, 800, 152, 837, 156

1083, 442, 961, 436, 963, 405, 1085, 412

1176, 447, 1087, 442, 1089, 414, 1178, 419

1348, 507, 946, 498, 947, 445, 1349, 453

1342, 544, 1220, 541, 1221, 522, 1343, 524

