145, 113, 105, 101, 115, 67, 156, 79

224, 149, 141, 112, 154, 84, 237, 121

368, 214, 232, 154, 243, 127, 380, 187

1001, 196, 999, 181, 1059, 177, 1060, 191

1118, 195, 1065, 191, 1066, 177, 1119, 181

1001, 214, 1000, 201, 1068, 195, 1069, 209

1072, 209, 1072, 199, 1127, 199, 1127, 209

1113, 243, 1054, 240, 1055, 225, 1114, 228

999, 246, 997, 233, 1044, 226, 1046, 240

1005, 322, 1005, 308, 1047, 308, 1047, 322

1106, 322, 1053, 322, 1053, 308, 1106, 308

496, 360, 496, 327, 802, 327, 802, 360

1016, 337, 1016, 327, 1116, 327, 1116, 337

553, 478, 516, 475, 518, 459, 555, 462

