1095, 287, 1084, 255, 1177, 225, 1187, 257

792, 264, 790, 241, 829, 238, 831, 261

932, 285, 930, 268, 968, 263, 970, 281

1002, 315, 994, 292, 1057, 268, 1065, 291

779, 323, 777, 308, 822, 303, 824, 318

438, 373, 183, 368, 184, 303, 439, 307

1106, 373, 1101, 339, 1198, 325, 1203, 358

72, 399, 72, 389, 114, 389, 114, 399

1117, 431, 1115, 399, 1212, 395, 1213, 426

358, 420, 358, 402, 377, 402, 377, 420

1018, 435, 1018, 408, 1103, 408, 1103, 435

1124, 485, 1123, 453, 1223, 450, 1224, 483

1031, 480, 1031, 453, 1099, 453, 1099, 480

