289, 159, 33, 137, 37, 84, 294, 106

132, 178, 63, 170, 65, 143, 135, 151

294, 187, 139, 176, 141, 148, 296, 160

315, 450, 311, 409, 497, 392, 500, 434

34, 484, 29, 438, 304, 410, 308, 457

453, 477, 445, 451, 493, 436, 501, 463

376, 480, 374, 451, 441, 447, 443, 475

324, 489, 319, 461, 367, 453, 372, 481

237, 502, 234, 472, 318, 462, 321, 492

175, 511, 171, 482, 223, 475, 227, 503

451, 499, 451, 483, 493, 483, 493, 499

100, 522, 96, 491, 167, 482, 171, 513

395, 510, 393, 493, 438, 488, 440, 504

33, 531, 30, 500, 91, 495, 93, 526

213, 538, 211, 528, 242, 520, 245, 530

464, 560, 461, 545, 506, 536, 509, 551

374, 579, 371, 566, 424, 554, 426, 568

