226, 150, 112, 98, 125, 68, 239, 121

990, 147, 990, 129, 1050, 129, 1050, 147

353, 214, 230, 155, 244, 128, 366, 187

962, 185, 960, 169, 1025, 160, 1027, 176

1086, 177, 1031, 177, 1031, 163, 1086, 163

966, 201, 965, 184, 1096, 177, 1097, 193

1016, 230, 1016, 214, 1078, 214, 1078, 230

963, 238, 960, 223, 1006, 213, 1010, 228

966, 321, 964, 305, 1008, 301, 1010, 317

1012, 317, 1012, 301, 1069, 301, 1069, 317

997, 335, 997, 323, 1060, 323, 1060, 335

473, 365, 472, 330, 762, 327, 763, 362

524, 490, 488, 486, 490, 468, 526, 472

