604, 296, 599, 269, 695, 250, 701, 277

203, 275, 203, 261, 269, 261, 269, 275

274, 275, 274, 261, 321, 261, 321, 275

245, 290, 210, 290, 210, 278, 245, 278

286, 290, 251, 290, 251, 280, 286, 280

321, 290, 289, 290, 289, 280, 321, 280

100, 330, 94, 297, 145, 289, 151, 322

306, 309, 207, 309, 207, 295, 306, 295

229, 326, 229, 310, 301, 310, 301, 326

628, 343, 627, 326, 673, 323, 674, 340

236, 363, 236, 336, 304, 336, 304, 363

634, 363, 634, 346, 677, 346, 677, 363

238, 392, 236, 370, 298, 362, 301, 384

633, 387, 631, 370, 676, 365, 678, 382

788, 641, 527, 605, 532, 567, 794, 602

710, 666, 462, 626, 465, 605, 713, 646

