905, 212, 556, 153, 568, 82, 917, 141

117, 119, 116, 98, 203, 95, 204, 116

44, 130, 42, 105, 106, 99, 109, 125

115, 147, 115, 124, 146, 124, 146, 147

151, 145, 151, 124, 191, 124, 191, 145

1115, 262, 1115, 233, 1181, 233, 1181, 262

1128, 277, 1127, 263, 1212, 257, 1213, 272

1102, 294, 1102, 280, 1136, 280, 1136, 294

1111, 309, 1109, 296, 1156, 292, 1157, 305

1100, 384, 1100, 368, 1155, 368, 1155, 384

1209, 382, 1161, 382, 1161, 368, 1209, 368

1170, 429, 1102, 429, 1102, 417, 1170, 417

1115, 461, 1115, 447, 1160, 447, 1160, 461

