1057, 320, 1057, 293, 1093, 293, 1093, 320

1027, 320, 1027, 295, 1054, 295, 1054, 320

240, 335, 240, 317, 265, 317, 265, 335

1016, 350, 1016, 325, 1047, 325, 1047, 350

1053, 356, 1053, 327, 1103, 327, 1103, 356

1357, 413, 1281, 405, 1286, 359, 1362, 368

1358, 477, 1278, 459, 1288, 418, 1367, 436

1086, 469, 1016, 450, 1024, 421, 1094, 440

1067, 503, 1001, 481, 1010, 454, 1076, 476

1357, 526, 1274, 508, 1284, 464, 1366, 482

1099, 506, 1083, 506, 1083, 479, 1099, 479

1355, 567, 1277, 547, 1284, 523, 1361, 543

