406, 186, 405, 167, 486, 160, 487, 180

919, 259, 914, 225, 957, 218, 963, 252

200, 313, 191, 281, 279, 255, 288, 288

475, 298, 475, 282, 519, 282, 519, 298

440, 303, 440, 287, 470, 287, 470, 303

402, 305, 402, 289, 435, 289, 435, 305

494, 313, 494, 302, 528, 302, 528, 313

464, 316, 464, 304, 489, 304, 489, 316

395, 321, 394, 308, 458, 304, 459, 317

231, 369, 231, 317, 340, 317, 340, 369

460, 359, 459, 335, 531, 330, 533, 353

399, 363, 399, 338, 454, 338, 454, 363

920, 373, 913, 351, 953, 338, 961, 360

413, 402, 410, 365, 524, 357, 527, 394

288, 411, 279, 377, 345, 359, 354, 393

412, 430, 410, 406, 534, 394, 536, 417

