1186, 196, 1186, 141, 1222, 141, 1222, 196

1074, 228, 1062, 184, 1173, 153, 1185, 197

1033, 238, 1029, 190, 1065, 187, 1069, 235

1214, 248, 1209, 194, 1258, 190, 1262, 244

1073, 278, 1064, 229, 1202, 201, 1212, 251

1025, 287, 1018, 243, 1062, 237, 1069, 280

1107, 325, 1099, 276, 1224, 257, 1232, 305

1052, 327, 1049, 282, 1094, 279, 1097, 324

1162, 355, 1159, 327, 1214, 321, 1217, 349

1137, 356, 1137, 331, 1155, 331, 1155, 356

1176, 387, 1174, 356, 1283, 350, 1285, 380

1143, 388, 1139, 361, 1169, 356, 1173, 383

