1014, 150, 1001, 105, 1079, 83, 1092, 128

1209, 194, 1199, 145, 1330, 117, 1340, 165

1025, 178, 1016, 158, 1056, 142, 1064, 161

1223, 245, 1216, 209, 1332, 185, 1340, 221

977, 219, 977, 199, 1011, 199, 1011, 219

1063, 230, 1059, 208, 1105, 200, 1109, 222

1012, 241, 1008, 220, 1051, 211, 1055, 231

1236, 446, 1236, 421, 1351, 421, 1351, 446

1131, 689, 1078, 679, 1081, 664, 1134, 674

1133, 709, 1076, 695, 1081, 678, 1137, 692

1111, 756, 1021, 731, 1027, 709, 1117, 733

1179, 778, 1112, 758, 1119, 733, 1186, 752

1370, 799, 1264, 775, 1274, 731, 1379, 755

