421, 213, 421, 186, 457, 186, 457, 213

416, 200, 389, 200, 389, 188, 416, 188

506, 215, 460, 215, 460, 191, 506, 191

512, 219, 512, 195, 560, 195, 560, 219

561, 224, 561, 203, 582, 203, 582, 224

913, 244, 859, 238, 861, 219, 915, 225

1148, 264, 1054, 258, 1055, 239, 1149, 245

1174, 287, 1029, 276, 1031, 256, 1176, 267

119, 348, 119, 304, 144, 304, 144, 348

128, 486, 98, 483, 107, 397, 136, 400

919, 448, 919, 430, 1006, 430, 1006, 448

1077, 452, 1011, 449, 1012, 430, 1078, 433

371, 595, 371, 560, 426, 560, 426, 595

477, 600, 477, 560, 562, 560, 562, 600

472, 595, 434, 595, 434, 564, 472, 564

375, 620, 375, 604, 434, 604, 434, 620

438, 621, 438, 605, 495, 605, 495, 621

533, 621, 533, 607, 556, 607, 556, 621

