822, 277, 820, 254, 859, 251, 861, 274

1109, 307, 1099, 276, 1188, 249, 1198, 279

997, 296, 995, 281, 1024, 278, 1026, 293

958, 302, 955, 286, 990, 280, 992, 297

1024, 330, 1018, 307, 1078, 291, 1084, 314

210, 369, 207, 307, 326, 302, 329, 364

467, 378, 326, 362, 333, 300, 475, 316

808, 338, 806, 322, 850, 316, 852, 332

1118, 393, 1114, 361, 1203, 349, 1208, 381

1126, 448, 1126, 417, 1213, 417, 1213, 448

1033, 452, 1033, 425, 1116, 425, 1116, 452

1221, 503, 1127, 500, 1128, 469, 1222, 472

1053, 493, 1053, 472, 1106, 472, 1106, 493

