438, 224, 438, 203, 508, 203, 508, 224

337, 229, 335, 207, 387, 204, 389, 225

395, 226, 395, 205, 437, 205, 437, 226

671, 284, 670, 259, 748, 254, 750, 279

731, 301, 729, 278, 783, 275, 785, 297

645, 308, 644, 287, 723, 284, 724, 305

728, 323, 728, 303, 794, 303, 794, 323

641, 330, 640, 310, 721, 307, 722, 328

719, 348, 719, 327, 789, 327, 789, 348

675, 350, 675, 329, 713, 329, 713, 350

652, 352, 652, 334, 672, 334, 672, 352

714, 369, 714, 353, 765, 353, 765, 369

680, 369, 680, 355, 709, 355, 709, 369

