1018, 139, 1007, 96, 1088, 75, 1099, 118

1213, 181, 1204, 136, 1332, 111, 1340, 157

1072, 155, 1072, 126, 1091, 126, 1091, 155

1030, 168, 1024, 143, 1067, 132, 1074, 157

1226, 231, 1219, 197, 1334, 175, 1340, 209

986, 202, 986, 186, 1017, 186, 1017, 202

1068, 216, 1064, 194, 1109, 186, 1113, 207

1018, 225, 1014, 205, 1056, 196, 1060, 217

1355, 429, 1235, 426, 1236, 402, 1356, 405

1131, 668, 1077, 657, 1079, 644, 1134, 655

1131, 690, 1072, 675, 1077, 656, 1136, 671

1108, 737, 1025, 711, 1032, 689, 1115, 715

1177, 759, 1110, 739, 1117, 714, 1184, 735

1375, 788, 1263, 758, 1275, 711, 1379, 742

