152, 118, 115, 103, 127, 72, 164, 86

236, 155, 176, 131, 188, 100, 248, 124

1048, 147, 1048, 135, 1084, 135, 1084, 147

376, 221, 241, 161, 253, 132, 389, 192

1005, 186, 1003, 169, 1068, 162, 1070, 178

1128, 180, 1071, 176, 1072, 163, 1129, 166

1005, 203, 1004, 187, 1134, 176, 1136, 192

1058, 230, 1058, 216, 1120, 216, 1120, 230

1006, 238, 1003, 224, 1048, 215, 1051, 229

1053, 316, 1053, 299, 1106, 299, 1106, 316

1007, 321, 1005, 305, 1046, 301, 1048, 317

1040, 335, 1040, 321, 1116, 321, 1116, 335

499, 373, 498, 340, 801, 332, 802, 366

550, 497, 515, 494, 516, 478, 551, 481

