150, 107, 110, 93, 121, 62, 161, 76

232, 147, 149, 109, 162, 80, 245, 119

371, 211, 237, 151, 249, 123, 383, 182

1005, 196, 1003, 181, 1068, 173, 1070, 187

1129, 192, 1072, 192, 1072, 178, 1129, 178

1005, 213, 1004, 196, 1139, 192, 1140, 208

1061, 241, 1061, 227, 1127, 227, 1127, 241

1007, 244, 1006, 232, 1051, 227, 1052, 240

1010, 324, 1010, 310, 1052, 310, 1052, 324

1057, 324, 1057, 310, 1110, 310, 1110, 324

801, 365, 498, 362, 499, 327, 802, 330

1121, 350, 1056, 339, 1057, 328, 1123, 340

553, 484, 516, 481, 518, 465, 555, 468

