408, 169, 407, 150, 486, 145, 487, 164

913, 237, 907, 206, 949, 198, 955, 229

204, 290, 196, 259, 282, 237, 289, 269

471, 277, 471, 261, 515, 261, 515, 277

436, 281, 436, 265, 467, 265, 467, 281

399, 281, 399, 267, 431, 267, 431, 281

490, 292, 490, 278, 523, 278, 523, 292

462, 294, 462, 280, 487, 280, 487, 294

395, 298, 394, 287, 453, 284, 454, 296

244, 345, 244, 295, 340, 295, 340, 345

458, 335, 457, 313, 527, 308, 529, 331

397, 341, 395, 317, 449, 312, 451, 336

915, 345, 915, 321, 950, 321, 950, 345

409, 378, 406, 343, 519, 334, 522, 370

286, 389, 277, 358, 341, 339, 350, 370

410, 406, 408, 382, 529, 370, 531, 394

