138, 102, 123, 87, 169, 42, 183, 56

284, 89, 270, 77, 302, 39, 316, 50

71, 178, 53, 163, 121, 88, 138, 104

554, 123, 551, 102, 602, 95, 605, 115

19, 239, 0, 223, 49, 165, 68, 181

738, 212, 736, 199, 786, 193, 787, 206

184, 232, 167, 218, 188, 193, 205, 206

280, 341, 260, 226, 410, 199, 430, 314

138, 299, 117, 283, 164, 221, 185, 237

575, 263, 572, 241, 626, 234, 629, 256

822, 303, 822, 291, 849, 291, 849, 303

785, 307, 785, 295, 819, 295, 819, 307

591, 358, 589, 336, 641, 332, 643, 354

395, 361, 387, 344, 412, 333, 419, 350

368, 374, 359, 359, 385, 344, 394, 359

321, 394, 313, 377, 355, 358, 363, 375

396, 383, 389, 367, 412, 357, 419, 372

369, 394, 363, 376, 387, 369, 392, 386

350, 401, 350, 381, 366, 381, 366, 401

391, 406, 384, 392, 409, 378, 417, 392

326, 414, 326, 391, 344, 391, 344, 414

336, 436, 328, 420, 381, 394, 389, 410

302, 429, 294, 413, 319, 400, 327, 416

604, 439, 601, 417, 652, 409, 656, 430

764, 433, 763, 420, 820, 417, 821, 430

412, 558, 398, 541, 466, 483, 481, 500

321, 641, 303, 619, 399, 542, 417, 564

688, 653, 688, 635, 718, 635, 718, 653

697, 700, 695, 686, 724, 681, 726, 694

466, 743, 466, 701, 502, 701, 502, 743

449, 796, 420, 769, 464, 720, 494, 747

494, 775, 494, 744, 506, 744, 506, 775

408, 785, 408, 754, 426, 754, 426, 785

384, 813, 384, 778, 403, 778, 403, 813

