81, 73, 81, 40, 143, 41, 143, 73

268, 87, 154, 80, 156, 44, 270, 52

456, 102, 354, 97, 356, 66, 457, 71

171, 110, 78, 103, 80, 78, 173, 85

22, 102, 22, 82, 75, 82, 75, 102

202, 108, 177, 108, 177, 90, 202, 90

67, 128, 67, 112, 101, 112, 101, 128

180, 133, 105, 130, 106, 113, 181, 116

249, 136, 183, 133, 184, 115, 250, 119

298, 141, 255, 137, 257, 118, 300, 122

77, 147, 31, 147, 31, 133, 77, 133

133, 151, 106, 151, 106, 133, 133, 133

187, 153, 141, 153, 141, 135, 187, 135

469, 163, 350, 155, 352, 136, 471, 145

252, 155, 195, 155, 195, 139, 252, 139

1337, 194, 1337, 180, 1362, 180, 1362, 194

885, 260, 885, 235, 957, 235, 957, 260

637, 414, 637, 372, 677, 372, 677, 414

