1171, 200, 1171, 141, 1207, 141, 1207, 200

1057, 231, 1045, 186, 1158, 155, 1170, 200

1014, 239, 1014, 193, 1050, 193, 1050, 239

1204, 254, 1197, 199, 1245, 193, 1251, 249

1056, 280, 1047, 229, 1188, 206, 1197, 257

1007, 290, 1000, 246, 1044, 239, 1051, 283

1089, 332, 1082, 281, 1212, 262, 1219, 313

1035, 334, 1031, 288, 1079, 283, 1083, 329

1148, 360, 1147, 332, 1204, 329, 1205, 357

1123, 364, 1121, 338, 1141, 336, 1144, 362

1163, 396, 1161, 366, 1275, 360, 1276, 390

1128, 395, 1128, 368, 1160, 368, 1160, 395

