1180, 82, 1174, 62, 1232, 46, 1237, 65

1174, 108, 1167, 85, 1246, 63, 1252, 85

1027, 126, 1023, 112, 1064, 100, 1068, 114

1238, 166, 1233, 133, 1294, 124, 1299, 156

1068, 196, 1063, 164, 1154, 148, 1159, 180

816, 280, 811, 204, 876, 199, 882, 275

779, 230, 706, 226, 708, 201, 781, 206

1259, 256, 1217, 256, 1217, 218, 1259, 218

973, 288, 973, 240, 1022, 240, 1022, 288

1208, 286, 1208, 263, 1259, 263, 1259, 286

1038, 294, 1036, 275, 1068, 272, 1070, 291

1334, 431, 1286, 431, 1286, 419, 1334, 419

