1152, 426, 1150, 402, 1209, 396, 1212, 419

1087, 427, 1087, 404, 1149, 404, 1149, 427

1182, 448, 1182, 428, 1246, 428, 1246, 448

1143, 448, 1143, 430, 1177, 430, 1177, 448

1100, 450, 1100, 432, 1136, 432, 1136, 450

1064, 454, 1064, 434, 1095, 434, 1095, 454

1111, 486, 1111, 468, 1132, 468, 1132, 486

1161, 493, 1161, 468, 1237, 468, 1237, 493

1155, 489, 1137, 489, 1137, 472, 1155, 472

1072, 518, 1072, 502, 1123, 502, 1123, 518

1264, 523, 1151, 520, 1152, 505, 1265, 507

1169, 538, 1120, 534, 1122, 517, 1171, 522

1209, 538, 1176, 538, 1176, 524, 1209, 524

