141, 104, 98, 83, 113, 52, 156, 73

227, 143, 138, 104, 151, 72, 241, 112

371, 212, 233, 149, 246, 120, 384, 183

1035, 158, 1035, 135, 1121, 135, 1121, 158

1007, 194, 1005, 178, 1072, 170, 1074, 186

1128, 188, 1078, 184, 1079, 172, 1129, 175

1007, 211, 1006, 194, 1139, 189, 1140, 206

1060, 241, 1060, 225, 1120, 225, 1120, 241

1007, 246, 1005, 232, 1051, 226, 1053, 240

1055, 326, 1055, 310, 1108, 310, 1108, 326

1010, 329, 1008, 314, 1049, 310, 1051, 325

1040, 343, 1040, 331, 1119, 331, 1119, 343

501, 371, 501, 336, 804, 336, 804, 371

555, 495, 520, 492, 522, 475, 557, 479

