1329, 47, 1323, 21, 1377, 8, 1379, 34

1194, 86, 1182, 40, 1316, 6, 1328, 51

870, 96, 813, 90, 816, 68, 872, 74

757, 93, 757, 71, 810, 71, 810, 93

994, 143, 987, 112, 1045, 97, 1052, 128

803, 121, 803, 105, 836, 105, 836, 121

719, 130, 716, 109, 749, 105, 752, 126

797, 123, 755, 123, 755, 107, 797, 107

852, 123, 852, 109, 877, 109, 877, 123

790, 143, 790, 126, 843, 126, 843, 143

1171, 181, 1167, 153, 1243, 140, 1248, 168

818, 224, 818, 197, 877, 197, 877, 224

744, 228, 744, 201, 810, 201, 810, 228

822, 303, 822, 278, 879, 278, 879, 303

754, 314, 749, 289, 804, 280, 808, 304

777, 378, 776, 361, 865, 354, 866, 372

759, 403, 757, 383, 879, 371, 881, 391

