966, 89, 966, 58, 1041, 58, 1041, 89

1108, 99, 1044, 88, 1048, 61, 1113, 72

166, 243, 155, 128, 267, 117, 278, 232

564, 189, 564, 134, 635, 134, 635, 189

361, 266, 355, 154, 415, 151, 421, 263

425, 255, 425, 170, 482, 170, 482, 255

494, 258, 494, 233, 543, 233, 543, 258

370, 337, 367, 270, 547, 260, 550, 328

492, 378, 487, 349, 618, 326, 623, 356

342, 403, 337, 371, 443, 355, 448, 387

570, 389, 567, 373, 623, 363, 626, 379

239, 426, 230, 389, 332, 365, 340, 403

492, 401, 489, 381, 562, 369, 565, 389

300, 438, 296, 412, 397, 396, 401, 422

