708, 397, 708, 372, 724, 372, 724, 397

800, 397, 800, 374, 825, 374, 825, 397

768, 418, 768, 396, 793, 396, 793, 418

800, 416, 800, 402, 827, 402, 827, 416

380, 439, 364, 431, 377, 405, 393, 412

623, 456, 604, 456, 604, 423, 623, 423

422, 519, 398, 511, 422, 440, 446, 448

359, 525, 314, 508, 342, 433, 387, 450

794, 508, 794, 481, 808, 481, 808, 508

853, 529, 828, 529, 828, 487, 853, 487

790, 540, 790, 511, 808, 511, 808, 540

432, 646, 344, 635, 350, 589, 438, 599

856, 711, 826, 711, 826, 701, 856, 701

430, 743, 430, 729, 482, 729, 482, 743

792, 751, 792, 731, 873, 731, 873, 751

880, 747, 880, 731, 933, 731, 933, 747

885, 794, 885, 774, 925, 774, 925, 794

