402, 204, 401, 185, 479, 177, 481, 197

910, 265, 904, 234, 948, 224, 955, 255

196, 329, 188, 299, 273, 275, 281, 305

462, 313, 461, 296, 505, 293, 506, 310

427, 316, 427, 299, 457, 299, 457, 316

391, 320, 391, 304, 422, 304, 422, 320

479, 328, 477, 313, 512, 310, 513, 325

386, 335, 384, 321, 445, 315, 446, 328

257, 382, 257, 334, 327, 334, 327, 382

445, 369, 444, 347, 514, 342, 516, 365

907, 378, 900, 357, 942, 345, 949, 365

384, 376, 382, 353, 438, 348, 440, 372

396, 413, 393, 378, 505, 369, 508, 403

273, 425, 264, 395, 329, 376, 338, 406

394, 441, 391, 418, 514, 404, 516, 428

