1167, 99, 1154, 51, 1298, 13, 1311, 60

1310, 56, 1306, 29, 1366, 19, 1371, 46

714, 106, 714, 82, 767, 82, 767, 106

826, 107, 770, 103, 772, 81, 828, 84

957, 157, 949, 125, 1008, 109, 1016, 141

675, 141, 673, 120, 707, 117, 709, 137

712, 136, 712, 118, 754, 118, 754, 136

759, 134, 759, 118, 793, 118, 793, 134

1186, 149, 1184, 137, 1210, 132, 1212, 144

749, 155, 749, 139, 802, 139, 802, 155

1141, 195, 1138, 167, 1218, 157, 1222, 186

777, 237, 777, 210, 836, 210, 836, 237

703, 239, 703, 212, 771, 212, 771, 239

785, 316, 785, 291, 840, 291, 840, 316

714, 325, 710, 300, 765, 292, 769, 317

740, 389, 739, 373, 829, 368, 830, 385

723, 414, 722, 396, 842, 386, 844, 404

