168, 132, 132, 120, 143, 86, 179, 98

249, 168, 169, 133, 182, 105, 262, 140

386, 232, 257, 174, 269, 147, 398, 204

1018, 203, 1016, 188, 1079, 182, 1080, 197

1134, 198, 1083, 198, 1083, 186, 1134, 186

1016, 219, 1015, 203, 1143, 198, 1144, 214

1068, 247, 1068, 233, 1129, 233, 1129, 247

1014, 255, 1012, 240, 1059, 233, 1061, 248

1061, 328, 1061, 314, 1114, 314, 1114, 328

1015, 334, 1013, 320, 1055, 315, 1057, 329

1040, 348, 1040, 336, 1125, 336, 1125, 348

507, 378, 506, 344, 807, 340, 808, 374

518, 497, 518, 481, 554, 481, 554, 497

