1202, 267, 1199, 239, 1302, 229, 1305, 257

1060, 285, 1057, 248, 1193, 238, 1196, 274

1006, 291, 1002, 256, 1051, 252, 1054, 286

1152, 326, 1149, 304, 1209, 297, 1212, 319

1057, 329, 1055, 311, 1143, 303, 1145, 322

1072, 354, 1072, 340, 1099, 340, 1099, 354

1153, 356, 1107, 356, 1107, 340, 1153, 340

1161, 360, 1161, 340, 1201, 340, 1201, 360

1087, 385, 1015, 379, 1016, 367, 1088, 373

1138, 386, 1094, 386, 1094, 372, 1138, 372

1169, 388, 1141, 385, 1143, 370, 1171, 373

1176, 388, 1176, 374, 1226, 374, 1226, 388

1301, 396, 1237, 392, 1238, 373, 1303, 377

1111, 450, 1058, 447, 1059, 432, 1112, 436

1169, 454, 1116, 451, 1117, 436, 1171, 439

1213, 456, 1178, 456, 1178, 440, 1213, 440

1246, 459, 1219, 459, 1219, 443, 1246, 443

