1091, 88, 1091, 66, 1169, 66, 1169, 88

1184, 91, 1184, 73, 1205, 73, 1205, 91

1072, 118, 942, 114, 943, 85, 1073, 89

1201, 126, 1096, 119, 1098, 87, 1203, 93

1236, 123, 1236, 99, 1276, 99, 1276, 123

1321, 128, 1281, 128, 1281, 101, 1321, 101

404, 179, 404, 156, 448, 156, 448, 179

1134, 573, 1066, 545, 1076, 519, 1145, 547

1337, 580, 1256, 560, 1266, 520, 1347, 540

1183, 589, 1143, 589, 1143, 547, 1183, 547

1201, 640, 1088, 591, 1101, 561, 1214, 610

1237, 617, 1179, 592, 1191, 563, 1249, 587

