986, 79, 986, 50, 1054, 50, 1054, 79

1115, 84, 1057, 78, 1059, 56, 1117, 62

181, 235, 163, 117, 282, 98, 300, 216

588, 179, 588, 122, 658, 122, 658, 179

383, 252, 376, 141, 435, 137, 443, 248

446, 240, 443, 159, 503, 157, 506, 238

516, 243, 516, 218, 564, 218, 564, 243

390, 324, 387, 252, 571, 244, 574, 316

514, 360, 510, 330, 641, 310, 645, 340

359, 388, 354, 357, 463, 339, 468, 371

591, 372, 588, 354, 644, 346, 647, 364

251, 412, 243, 375, 349, 353, 357, 390

515, 384, 511, 365, 583, 352, 587, 371

315, 425, 311, 399, 414, 381, 419, 406

