1154, 47, 1149, 29, 1206, 15, 1210, 33

1152, 78, 1143, 56, 1220, 26, 1229, 48

1002, 100, 997, 86, 1037, 71, 1042, 85

1215, 130, 1209, 100, 1267, 87, 1274, 118

1042, 167, 1036, 135, 1128, 117, 1134, 150

1221, 172, 1220, 158, 1269, 154, 1270, 167

792, 261, 785, 185, 850, 179, 857, 256

1189, 222, 1189, 184, 1231, 184, 1231, 222

684, 213, 684, 191, 756, 191, 756, 213

945, 266, 945, 214, 1000, 214, 1000, 266

1185, 255, 1182, 231, 1232, 226, 1235, 250

1010, 266, 1010, 248, 1043, 248, 1043, 266

1307, 395, 1259, 391, 1260, 381, 1308, 385

