597, 198, 563, 198, 563, 180, 597, 180

1055, 217, 1055, 197, 1132, 197, 1132, 217

1141, 211, 1141, 197, 1170, 197, 1170, 211

529, 230, 529, 212, 590, 212, 590, 230

637, 247, 637, 229, 692, 229, 692, 247

531, 252, 530, 235, 607, 232, 608, 249

576, 274, 575, 255, 656, 251, 657, 270

533, 277, 533, 259, 569, 259, 569, 277

561, 298, 561, 278, 599, 278, 599, 298

554, 298, 535, 298, 535, 282, 554, 282

637, 318, 637, 297, 707, 297, 707, 318

537, 320, 537, 304, 558, 304, 558, 320

590, 318, 563, 318, 563, 304, 590, 304

