140, 85, 124, 69, 171, 23, 186, 38

284, 73, 271, 61, 305, 22, 318, 33

757, 53, 755, 43, 786, 39, 787, 49

721, 57, 721, 43, 754, 43, 754, 57

76, 162, 57, 146, 123, 70, 142, 86

555, 113, 552, 91, 604, 83, 607, 105

24, 222, 6, 206, 54, 149, 73, 165

188, 218, 170, 204, 191, 178, 209, 192

821, 200, 790, 200, 790, 188, 821, 188

280, 330, 261, 214, 411, 189, 430, 305

736, 206, 735, 196, 786, 191, 787, 201

142, 288, 120, 273, 164, 207, 187, 223

573, 256, 571, 233, 624, 228, 626, 251

847, 303, 820, 303, 820, 291, 847, 291

783, 305, 783, 295, 815, 295, 815, 305

391, 350, 391, 325, 413, 325, 413, 350

587, 354, 587, 327, 638, 327, 638, 354

365, 364, 357, 348, 383, 335, 391, 351

394, 374, 385, 360, 407, 347, 415, 362

319, 385, 311, 368, 353, 349, 361, 366

350, 394, 343, 376, 384, 358, 391, 376

387, 398, 380, 385, 405, 371, 412, 384

326, 403, 326, 383, 344, 383, 344, 403

336, 427, 328, 412, 378, 384, 386, 399

300, 416, 300, 393, 323, 393, 323, 416

598, 434, 596, 411, 648, 406, 650, 428

757, 433, 757, 421, 812, 421, 812, 433

409, 549, 394, 532, 458, 476, 473, 493

320, 629, 301, 607, 389, 530, 408, 551

681, 674, 675, 633, 703, 629, 709, 670

450, 774, 421, 749, 473, 687, 502, 711

402, 768, 402, 739, 418, 739, 418, 768

380, 785, 376, 767, 393, 764, 397, 782

