65, 98, 65, 67, 120, 67, 120, 98

236, 107, 126, 101, 128, 68, 238, 74

412, 120, 315, 114, 317, 85, 414, 91

57, 125, 11, 120, 13, 100, 59, 105

145, 130, 61, 124, 63, 100, 147, 105

151, 125, 151, 109, 174, 109, 174, 125

84, 149, 54, 149, 54, 131, 84, 131

89, 149, 89, 133, 159, 133, 159, 149

219, 151, 160, 151, 160, 135, 219, 135

266, 160, 224, 153, 227, 135, 269, 141

20, 164, 20, 150, 62, 150, 62, 164

89, 168, 89, 150, 114, 150, 114, 168

119, 170, 119, 152, 163, 152, 163, 170

428, 178, 314, 170, 315, 153, 429, 161

224, 172, 169, 172, 169, 156, 224, 156

915, 273, 840, 270, 841, 246, 916, 249

600, 412, 600, 383, 631, 383, 631, 412

