1110, 341, 1074, 341, 1074, 317, 1110, 317

1046, 341, 1046, 319, 1071, 319, 1071, 341

246, 354, 246, 336, 271, 336, 271, 354

1035, 371, 1035, 346, 1067, 346, 1067, 371

1118, 378, 1069, 372, 1072, 344, 1121, 350

1354, 430, 1284, 423, 1288, 380, 1358, 387

1354, 488, 1283, 475, 1290, 435, 1362, 449

1104, 484, 1037, 468, 1044, 440, 1111, 457

1087, 518, 1024, 498, 1032, 471, 1095, 491

1355, 535, 1279, 521, 1287, 478, 1363, 492

1100, 523, 1100, 492, 1119, 492, 1119, 523

1352, 577, 1282, 557, 1289, 533, 1358, 553

