1121, 125, 1084, 103, 1117, 46, 1155, 69

672, 111, 619, 111, 619, 90, 672, 90

572, 118, 569, 95, 612, 90, 615, 113

570, 146, 568, 131, 599, 127, 601, 141

296, 236, 224, 214, 235, 178, 307, 200

78, 232, 75, 204, 134, 198, 137, 226

1156, 241, 1156, 223, 1185, 223, 1185, 241

626, 260, 626, 231, 692, 231, 692, 260

565, 270, 561, 241, 619, 233, 623, 262

1249, 296, 1243, 263, 1296, 253, 1303, 287

78, 315, 76, 295, 134, 289, 136, 308

637, 370, 635, 343, 698, 339, 700, 366

576, 378, 572, 355, 617, 348, 620, 371

1262, 414, 1262, 383, 1315, 383, 1315, 414

