399, 187, 397, 168, 474, 159, 477, 179

897, 235, 891, 203, 933, 196, 939, 227

196, 314, 187, 284, 273, 259, 282, 289

460, 290, 460, 274, 502, 274, 502, 290

425, 297, 424, 280, 456, 277, 457, 294

389, 298, 389, 285, 420, 285, 420, 298

477, 305, 477, 293, 511, 293, 511, 305

449, 309, 449, 295, 474, 295, 474, 309

384, 316, 383, 304, 443, 299, 444, 311

264, 368, 257, 320, 323, 311, 329, 359

899, 348, 891, 328, 930, 312, 938, 332

445, 350, 443, 327, 514, 319, 516, 341

385, 357, 382, 333, 436, 327, 439, 352

396, 393, 393, 358, 504, 346, 507, 382

274, 410, 263, 379, 329, 355, 340, 386

394, 423, 391, 399, 513, 380, 517, 405

