201, 158, 114, 152, 117, 114, 203, 120

380, 175, 244, 162, 248, 126, 383, 139

223, 200, 117, 195, 119, 158, 225, 163

341, 204, 229, 200, 231, 166, 343, 170

350, 207, 350, 176, 381, 176, 381, 207

113, 245, 113, 229, 204, 229, 204, 245

115, 285, 113, 267, 154, 262, 156, 280

215, 279, 160, 279, 160, 265, 215, 265

119, 311, 119, 297, 185, 297, 185, 311

167, 327, 165, 309, 203, 305, 205, 323

212, 324, 212, 306, 250, 306, 250, 324

117, 328, 117, 314, 161, 314, 161, 328

195, 360, 193, 343, 252, 337, 254, 354

119, 367, 117, 349, 162, 344, 164, 362

199, 395, 197, 378, 259, 372, 261, 389

287, 392, 285, 379, 335, 372, 337, 385

319, 404, 316, 390, 396, 374, 399, 388

121, 404, 119, 387, 193, 379, 195, 396

327, 431, 325, 417, 400, 404, 402, 419

123, 441, 121, 423, 212, 412, 214, 429

330, 463, 327, 449, 367, 441, 370, 455

182, 469, 180, 453, 221, 447, 223, 463

126, 479, 123, 462, 168, 453, 171, 471

286, 470, 284, 457, 308, 453, 310, 466

188, 505, 185, 489, 220, 483, 222, 499

129, 516, 126, 500, 182, 490, 185, 506

167, 542, 164, 526, 243, 510, 246, 526

130, 544, 130, 530, 159, 530, 159, 544

132, 562, 130, 549, 165, 544, 167, 557

136, 602, 131, 584, 178, 571, 183, 589

