473, 200, 473, 150, 556, 150, 556, 200

178, 209, 175, 176, 383, 158, 386, 191

441, 180, 402, 178, 404, 160, 442, 163

916, 200, 897, 200, 897, 180, 916, 180

124, 200, 122, 186, 167, 181, 168, 194

768, 207, 766, 191, 822, 183, 824, 200

696, 232, 693, 201, 761, 192, 764, 224

772, 224, 770, 209, 829, 201, 831, 216

169, 263, 150, 244, 167, 228, 185, 246

143, 288, 122, 250, 148, 237, 168, 274

263, 292, 242, 292, 242, 272, 263, 272

520, 387, 517, 364, 559, 359, 562, 382

467, 398, 464, 375, 514, 369, 517, 391

542, 408, 538, 386, 607, 372, 611, 394

450, 426, 446, 404, 533, 389, 537, 411

