1096, 128, 1073, 88, 1143, 48, 1166, 88

606, 108, 606, 90, 661, 90, 661, 108

555, 119, 551, 98, 600, 90, 604, 111

554, 119, 535, 119, 535, 103, 554, 103

270, 231, 195, 210, 206, 174, 280, 195

41, 226, 39, 200, 100, 194, 102, 220

1169, 234, 1169, 218, 1201, 218, 1201, 234

615, 254, 613, 227, 684, 223, 685, 250

550, 261, 547, 234, 609, 226, 612, 254

1265, 286, 1259, 254, 1314, 244, 1319, 276

41, 304, 39, 287, 100, 280, 102, 297

626, 357, 624, 331, 691, 327, 693, 353

563, 366, 560, 341, 617, 334, 620, 359

1281, 397, 1281, 366, 1334, 366, 1334, 397

