1166, 424, 1164, 400, 1224, 394, 1227, 417

1098, 429, 1097, 404, 1161, 400, 1162, 425

1195, 450, 1193, 428, 1264, 422, 1266, 445

1154, 448, 1154, 430, 1190, 430, 1190, 448

1111, 450, 1111, 432, 1149, 432, 1149, 450

1074, 454, 1074, 434, 1108, 434, 1108, 454

1126, 489, 1126, 470, 1144, 470, 1144, 489

1176, 495, 1176, 470, 1257, 470, 1257, 495

1150, 491, 1150, 475, 1170, 475, 1170, 491

1084, 521, 1084, 507, 1135, 507, 1135, 521

1166, 525, 1166, 511, 1286, 511, 1286, 525

1187, 543, 1136, 539, 1137, 522, 1188, 526

1193, 544, 1193, 528, 1229, 528, 1229, 544

