1102, 222, 1102, 210, 1132, 210, 1132, 222

788, 273, 788, 235, 957, 235, 957, 273

300, 313, 212, 306, 215, 274, 303, 281

872, 292, 872, 280, 905, 280, 905, 292

910, 294, 910, 280, 963, 280, 963, 294

63, 326, 63, 306, 107, 306, 107, 326

136, 326, 136, 312, 166, 312, 166, 326

866, 354, 837, 354, 837, 342, 866, 342

854, 375, 854, 361, 903, 361, 903, 375

1087, 450, 1087, 396, 1274, 396, 1274, 450

1086, 484, 1086, 453, 1273, 453, 1273, 484

399, 495, 399, 479, 429, 479, 429, 495

389, 706, 215, 700, 216, 682, 390, 688

