154, 100, 119, 89, 128, 56, 164, 67

236, 139, 176, 111, 189, 82, 249, 111

375, 203, 241, 144, 253, 115, 387, 174

1033, 140, 1033, 124, 1086, 124, 1086, 140

999, 177, 998, 159, 1115, 151, 1116, 169

1001, 193, 1000, 178, 1126, 169, 1127, 184

1054, 219, 1054, 205, 1111, 205, 1111, 219

999, 228, 997, 213, 1046, 205, 1048, 220

1051, 303, 1051, 289, 1103, 289, 1103, 303

1003, 305, 1003, 291, 1047, 291, 1047, 305

1031, 322, 1031, 310, 1114, 310, 1114, 322

499, 354, 498, 319, 801, 314, 802, 349

516, 476, 516, 460, 549, 460, 549, 476

