237, 144, 117, 86, 131, 55, 252, 114

375, 209, 245, 149, 258, 121, 388, 182

990, 184, 988, 167, 1051, 160, 1053, 176

1108, 177, 1057, 177, 1057, 163, 1108, 163

992, 200, 991, 184, 1115, 177, 1116, 193

1044, 230, 1044, 214, 1103, 214, 1103, 230

991, 237, 988, 222, 1035, 212, 1038, 228

998, 322, 996, 306, 1036, 301, 1038, 316

1044, 316, 1044, 302, 1095, 302, 1095, 316

1040, 335, 1040, 321, 1106, 321, 1106, 335

501, 367, 500, 331, 796, 327, 797, 363

557, 494, 520, 490, 522, 474, 559, 477

