1155, 76, 1143, 31, 1273, 0, 1284, 41

1283, 38, 1279, 11, 1333, 4, 1336, 31

729, 83, 729, 58, 782, 58, 782, 83

838, 84, 785, 78, 788, 57, 840, 62

961, 131, 953, 100, 1010, 84, 1018, 115

727, 111, 727, 92, 767, 92, 767, 111

772, 108, 772, 92, 806, 92, 806, 108

693, 115, 691, 95, 723, 92, 725, 112

762, 130, 762, 114, 815, 114, 815, 130

1136, 169, 1132, 141, 1205, 128, 1210, 156

790, 209, 790, 182, 849, 182, 849, 209

721, 211, 719, 185, 783, 182, 785, 208

798, 287, 797, 261, 852, 258, 853, 283

730, 295, 726, 270, 779, 262, 783, 287

755, 358, 754, 341, 842, 336, 843, 353

738, 381, 736, 364, 852, 354, 854, 371

