695, 132, 695, 90, 722, 90, 722, 132

665, 148, 660, 112, 688, 108, 693, 144

617, 258, 606, 207, 696, 188, 707, 239

1051, 231, 1049, 207, 1098, 203, 1100, 227

550, 278, 541, 224, 609, 214, 617, 268

1049, 276, 1042, 241, 1113, 228, 1120, 262

1197, 263, 1196, 251, 1231, 246, 1233, 259

969, 298, 967, 285, 998, 279, 1000, 293

1033, 322, 1032, 299, 1159, 296, 1160, 319

596, 316, 595, 302, 652, 296, 654, 310

1055, 343, 1054, 326, 1124, 321, 1125, 338

1081, 365, 1081, 346, 1129, 346, 1129, 365

1038, 367, 1038, 349, 1065, 349, 1065, 367

