1059, 219, 1059, 208, 1088, 208, 1088, 219

1083, 238, 1082, 225, 1111, 222, 1112, 235

763, 286, 763, 248, 932, 248, 932, 286

290, 324, 208, 317, 211, 286, 293, 293

848, 305, 848, 295, 881, 295, 881, 305

937, 307, 887, 307, 887, 295, 937, 295

67, 335, 67, 317, 107, 317, 107, 335

136, 335, 136, 323, 163, 323, 163, 335

843, 367, 813, 367, 813, 357, 843, 357

906, 388, 906, 376, 955, 376, 955, 388

783, 418, 783, 408, 817, 408, 817, 418

1068, 467, 1068, 413, 1259, 413, 1259, 467

1067, 503, 1067, 472, 1258, 472, 1258, 503

384, 501, 384, 487, 413, 487, 413, 501

376, 710, 211, 700, 212, 682, 377, 692

