274, 161, 36, 150, 39, 96, 277, 108

65, 183, 65, 159, 129, 159, 129, 183

281, 192, 134, 184, 136, 156, 282, 165

311, 454, 306, 412, 482, 390, 487, 431

50, 493, 44, 448, 297, 412, 303, 457

440, 463, 436, 449, 480, 438, 483, 452

368, 482, 365, 453, 430, 447, 433, 475

322, 492, 316, 464, 360, 455, 366, 483

239, 506, 234, 477, 313, 463, 318, 493

180, 515, 175, 487, 224, 479, 229, 507

443, 499, 440, 485, 469, 478, 473, 492

391, 511, 388, 494, 431, 487, 434, 503

110, 528, 105, 499, 171, 489, 175, 519

50, 539, 46, 508, 101, 501, 105, 531

300, 529, 298, 517, 343, 509, 345, 521

216, 542, 214, 532, 244, 527, 246, 537

456, 561, 452, 546, 496, 534, 500, 549

370, 580, 367, 568, 418, 557, 421, 569

