1152, 292, 1152, 272, 1179, 272, 1179, 292

1238, 354, 1238, 319, 1323, 319, 1323, 354

1178, 431, 1178, 400, 1211, 400, 1211, 431

1248, 416, 1219, 416, 1219, 400, 1248, 400

1288, 423, 1250, 417, 1253, 400, 1291, 406

1296, 424, 1296, 408, 1315, 408, 1315, 424

1214, 437, 1214, 417, 1246, 417, 1246, 437

1285, 442, 1249, 442, 1249, 423, 1285, 423

1316, 445, 1290, 442, 1292, 427, 1317, 430

1176, 465, 1176, 440, 1207, 440, 1207, 465

1264, 478, 1208, 467, 1213, 440, 1269, 451

1275, 480, 1275, 455, 1315, 455, 1315, 480

