555, 194, 555, 176, 590, 176, 590, 194

1059, 214, 1058, 190, 1137, 186, 1138, 210

1145, 207, 1145, 193, 1175, 193, 1175, 207

520, 226, 520, 208, 584, 208, 584, 226

634, 243, 634, 225, 683, 225, 683, 243

606, 243, 606, 229, 629, 229, 629, 243

522, 249, 521, 232, 600, 230, 601, 246

570, 272, 569, 252, 652, 248, 653, 268

527, 274, 525, 254, 562, 250, 564, 270

555, 294, 555, 276, 592, 276, 592, 294

549, 294, 529, 294, 529, 278, 549, 278

632, 316, 632, 293, 702, 293, 702, 316

598, 313, 598, 297, 625, 297, 625, 313

