1179, 200, 1176, 142, 1217, 140, 1221, 198

1059, 234, 1047, 189, 1166, 157, 1178, 202

1016, 243, 1012, 197, 1049, 194, 1053, 240

1210, 254, 1210, 195, 1259, 195, 1259, 254

1057, 282, 1049, 232, 1196, 207, 1205, 257

1007, 293, 1000, 249, 1046, 242, 1053, 286

1092, 334, 1085, 283, 1220, 264, 1227, 314

1035, 336, 1031, 290, 1081, 285, 1085, 331

1152, 364, 1149, 335, 1208, 328, 1212, 357

1126, 365, 1126, 338, 1147, 338, 1147, 365

1167, 395, 1165, 366, 1281, 360, 1283, 390

1130, 395, 1130, 368, 1162, 368, 1162, 395

