1125, 116, 1103, 104, 1127, 58, 1149, 70

609, 125, 609, 105, 670, 105, 670, 125

557, 136, 553, 114, 601, 105, 606, 127

282, 248, 211, 229, 221, 194, 291, 213

65, 247, 62, 221, 120, 214, 123, 241

1171, 245, 1171, 227, 1207, 227, 1207, 245

617, 270, 615, 242, 686, 238, 687, 265

557, 277, 553, 249, 611, 242, 614, 270

1271, 296, 1265, 263, 1319, 253, 1326, 286

67, 322, 66, 305, 121, 301, 123, 318

632, 373, 629, 348, 694, 341, 697, 366

570, 382, 566, 358, 616, 350, 620, 374

1283, 407, 1283, 376, 1341, 376, 1341, 407

