1174, 104, 1162, 58, 1297, 25, 1308, 71

1307, 67, 1302, 39, 1359, 30, 1363, 58

859, 112, 802, 105, 805, 82, 862, 89

802, 108, 749, 108, 749, 86, 802, 86

980, 160, 972, 128, 1028, 114, 1036, 146

747, 138, 747, 120, 787, 120, 787, 138

792, 136, 792, 120, 834, 120, 834, 136

712, 144, 709, 124, 740, 119, 744, 139

781, 157, 781, 140, 832, 140, 832, 157

1154, 203, 1149, 174, 1223, 161, 1228, 190

807, 241, 807, 214, 864, 214, 864, 241

736, 243, 736, 216, 802, 216, 802, 243

813, 320, 813, 295, 868, 295, 868, 320

746, 329, 742, 305, 794, 297, 798, 320

770, 392, 770, 374, 856, 374, 856, 392

755, 419, 753, 400, 867, 390, 869, 409

