1283, 147, 1283, 131, 1315, 131, 1315, 147

492, 183, 492, 167, 517, 167, 517, 183

1083, 185, 1081, 172, 1118, 167, 1120, 180

460, 187, 460, 171, 487, 171, 487, 187

1054, 191, 1050, 177, 1076, 170, 1080, 184

406, 194, 406, 178, 433, 178, 433, 194

345, 205, 342, 187, 402, 178, 405, 195

307, 207, 307, 186, 334, 186, 334, 207

1079, 196, 1079, 186, 1116, 186, 1116, 196

241, 218, 238, 196, 305, 188, 308, 209

1103, 213, 1072, 213, 1072, 201, 1103, 201

986, 243, 983, 217, 1049, 211, 1051, 236

169, 339, 167, 317, 227, 313, 229, 336

179, 439, 179, 417, 219, 417, 219, 439

179, 542, 179, 522, 232, 522, 232, 542

