855, 215, 514, 148, 527, 81, 868, 148

151, 117, 151, 97, 189, 97, 189, 117

106, 119, 106, 99, 146, 99, 146, 119

37, 128, 37, 103, 99, 103, 99, 128

138, 140, 138, 124, 170, 124, 170, 140

102, 145, 102, 126, 133, 126, 133, 145

1074, 239, 1074, 227, 1112, 227, 1112, 239

1068, 258, 1067, 242, 1135, 237, 1136, 253

1083, 271, 1082, 259, 1133, 255, 1134, 267

1057, 289, 1056, 276, 1090, 272, 1091, 285

1059, 303, 1058, 290, 1109, 287, 1110, 300

1115, 377, 1115, 361, 1166, 361, 1166, 377

1056, 376, 1056, 363, 1107, 363, 1107, 376

1055, 422, 1055, 408, 1127, 408, 1127, 422

1070, 454, 1070, 443, 1112, 443, 1112, 454

