1099, 217, 1070, 217, 1070, 205, 1099, 205

1123, 232, 1096, 232, 1096, 220, 1123, 220

779, 279, 779, 244, 946, 244, 946, 279

294, 316, 209, 309, 212, 276, 297, 283

101, 326, 61, 326, 61, 308, 101, 308

136, 326, 136, 314, 161, 314, 161, 326

826, 358, 826, 346, 858, 346, 858, 358

844, 377, 844, 366, 894, 366, 894, 377

921, 380, 921, 366, 970, 366, 970, 380

1273, 457, 1081, 451, 1083, 398, 1275, 403

1085, 489, 1085, 457, 1276, 457, 1276, 489

386, 491, 386, 477, 416, 477, 416, 491

369, 703, 196, 694, 197, 675, 370, 684

