391, 217, 391, 201, 420, 201, 420, 217

425, 228, 425, 201, 457, 201, 457, 228

506, 232, 462, 232, 462, 205, 506, 205

560, 234, 512, 234, 512, 212, 560, 212

902, 256, 850, 253, 852, 234, 904, 238

1126, 277, 1034, 271, 1035, 252, 1127, 258

1150, 301, 1014, 290, 1016, 269, 1152, 280

134, 371, 134, 325, 159, 325, 159, 371

123, 512, 123, 423, 153, 423, 153, 512

995, 467, 912, 464, 913, 446, 996, 448

1062, 470, 1000, 466, 1001, 447, 1063, 450

494, 625, 494, 583, 577, 583, 577, 625

393, 621, 393, 586, 446, 586, 446, 621

451, 621, 451, 590, 489, 590, 489, 621

397, 647, 397, 630, 454, 630, 454, 647

460, 647, 460, 630, 519, 630, 519, 647

