20, 316, 20, 285, 66, 285, 66, 316

124, 318, 70, 315, 72, 284, 126, 287

1303, 337, 1299, 309, 1342, 304, 1345, 332

16, 352, 16, 321, 114, 321, 114, 352

121, 354, 121, 325, 178, 325, 178, 354

1305, 363, 1305, 336, 1343, 336, 1343, 363

69, 388, 68, 359, 141, 356, 142, 386

13, 388, 13, 359, 64, 359, 64, 388

158, 434, 156, 412, 218, 408, 220, 430

67, 440, 65, 419, 149, 414, 151, 435

20, 444, 20, 421, 62, 421, 62, 444

100, 461, 100, 440, 137, 440, 137, 461

46, 467, 44, 445, 95, 440, 97, 462

13, 469, 13, 447, 43, 447, 43, 469

