1205, 67, 1201, 48, 1257, 35, 1262, 54

1199, 93, 1192, 73, 1270, 47, 1277, 68

1052, 113, 1048, 99, 1090, 87, 1094, 101

1259, 147, 1253, 117, 1311, 105, 1318, 135

1088, 181, 1082, 150, 1176, 132, 1182, 163

1263, 184, 1263, 172, 1312, 172, 1312, 184

835, 266, 835, 193, 899, 193, 899, 266

803, 220, 730, 216, 731, 195, 804, 199

1246, 236, 1240, 219, 1262, 211, 1268, 227

990, 275, 986, 225, 1042, 221, 1045, 272

1223, 265, 1221, 244, 1273, 240, 1275, 261

1055, 275, 1055, 257, 1084, 257, 1084, 275

