72, 91, 72, 60, 129, 60, 129, 91

246, 102, 137, 98, 138, 65, 248, 69

425, 118, 328, 112, 330, 83, 427, 88

16, 117, 16, 97, 62, 97, 62, 117

154, 124, 65, 118, 67, 95, 156, 101

183, 123, 160, 123, 160, 107, 183, 107

57, 145, 57, 124, 88, 124, 88, 145

162, 147, 92, 142, 93, 124, 163, 129

229, 149, 168, 146, 169, 130, 230, 133

277, 154, 234, 150, 236, 132, 279, 136

65, 160, 23, 157, 24, 142, 66, 145

93, 162, 93, 146, 120, 146, 120, 162

126, 166, 126, 148, 170, 148, 170, 166

231, 168, 176, 165, 177, 148, 232, 150

387, 169, 325, 165, 326, 150, 388, 154

438, 173, 388, 169, 389, 154, 440, 159

852, 269, 852, 246, 927, 246, 927, 269

609, 412, 609, 374, 644, 374, 644, 412

