230, 134, 139, 125, 144, 84, 234, 94

415, 155, 276, 138, 281, 99, 420, 116

253, 177, 140, 170, 143, 131, 256, 138

375, 188, 260, 177, 263, 140, 378, 150

382, 185, 382, 154, 416, 154, 416, 185

134, 226, 134, 208, 228, 208, 228, 226

662, 248, 661, 237, 718, 230, 720, 241

134, 264, 134, 246, 176, 246, 176, 264

184, 262, 184, 246, 241, 246, 241, 262

134, 294, 134, 280, 206, 280, 206, 294

231, 309, 230, 290, 272, 288, 273, 306

186, 312, 184, 293, 225, 290, 227, 308

132, 313, 131, 299, 180, 295, 181, 310

212, 346, 211, 329, 272, 326, 273, 343

186, 348, 186, 331, 206, 331, 206, 348

132, 354, 131, 336, 177, 333, 179, 351

363, 371, 361, 359, 419, 353, 420, 364

214, 385, 212, 368, 279, 362, 281, 379

309, 381, 307, 368, 359, 361, 361, 375

134, 395, 132, 376, 205, 369, 207, 388

337, 391, 335, 378, 420, 367, 422, 380

345, 423, 343, 409, 423, 395, 425, 410

133, 437, 130, 417, 228, 402, 231, 422

398, 448, 395, 436, 420, 429, 423, 441

350, 456, 347, 442, 389, 433, 392, 448

194, 466, 191, 449, 234, 442, 237, 458

134, 477, 130, 459, 180, 448, 184, 466

197, 503, 195, 487, 231, 481, 233, 498

134, 517, 131, 499, 190, 488, 193, 506

172, 546, 168, 529, 255, 509, 259, 526

135, 550, 132, 537, 164, 530, 167, 543

135, 569, 131, 555, 171, 544, 175, 558

135, 609, 131, 590, 182, 578, 186, 598

