46, 307, 46, 276, 92, 276, 92, 307

100, 307, 100, 276, 153, 276, 153, 307

1305, 342, 1299, 288, 1341, 283, 1347, 337

41, 343, 41, 312, 140, 312, 140, 343

149, 343, 149, 317, 204, 317, 204, 343

98, 380, 98, 349, 170, 349, 170, 380

39, 384, 37, 353, 90, 348, 92, 379

184, 424, 182, 404, 246, 399, 247, 420

95, 433, 93, 411, 177, 404, 179, 426

48, 435, 48, 415, 90, 415, 90, 435

130, 452, 130, 430, 166, 430, 166, 452

76, 460, 73, 438, 124, 430, 127, 452

41, 461, 41, 438, 71, 438, 71, 461

