580, 290, 574, 263, 669, 241, 675, 269

266, 281, 266, 270, 308, 270, 308, 281

197, 286, 197, 272, 260, 272, 260, 286

237, 301, 203, 301, 203, 289, 237, 289

201, 319, 200, 306, 294, 300, 295, 313

100, 344, 93, 315, 143, 304, 149, 333

605, 340, 601, 322, 644, 314, 648, 332

291, 335, 223, 335, 223, 319, 291, 319

607, 358, 604, 342, 648, 334, 651, 350

226, 372, 224, 346, 289, 340, 292, 366

611, 377, 611, 364, 649, 364, 649, 377

227, 398, 225, 376, 281, 371, 284, 393

769, 632, 489, 604, 493, 565, 773, 593

681, 661, 434, 625, 437, 604, 684, 640

