1123, 134, 1098, 98, 1165, 51, 1191, 87

581, 120, 578, 98, 626, 91, 629, 113

694, 113, 634, 113, 634, 92, 694, 92

585, 145, 585, 133, 612, 133, 612, 145

290, 239, 211, 217, 221, 179, 300, 201

50, 234, 46, 207, 111, 199, 114, 226

645, 260, 645, 231, 715, 231, 715, 260

582, 271, 578, 243, 637, 235, 641, 263

1283, 293, 1277, 259, 1330, 250, 1336, 284

54, 317, 52, 297, 115, 293, 116, 313

658, 369, 656, 342, 723, 337, 725, 364

595, 378, 591, 354, 641, 345, 646, 369

1296, 403, 1296, 374, 1349, 374, 1349, 403

