1296, 145, 1296, 129, 1323, 129, 1323, 145

529, 162, 529, 144, 554, 144, 554, 162

494, 164, 494, 148, 521, 148, 521, 164

471, 166, 471, 150, 491, 150, 491, 166

1098, 162, 1098, 150, 1125, 150, 1125, 162

438, 171, 436, 154, 465, 151, 467, 168

375, 181, 372, 162, 434, 154, 437, 172

262, 191, 260, 167, 361, 158, 363, 182

1111, 175, 1111, 163, 1144, 163, 1144, 175

1083, 179, 1083, 165, 1106, 165, 1106, 179

1092, 191, 1091, 180, 1141, 176, 1142, 186

1100, 204, 1100, 193, 1129, 193, 1129, 204

1018, 232, 1016, 207, 1078, 202, 1080, 227

190, 316, 190, 293, 254, 293, 254, 316

205, 424, 205, 402, 247, 402, 247, 424

207, 531, 207, 511, 263, 511, 263, 531

