983, 145, 972, 100, 1055, 79, 1067, 123

1183, 186, 1173, 139, 1311, 111, 1321, 157

997, 190, 986, 151, 1057, 131, 1068, 169

1197, 239, 1190, 204, 1311, 178, 1318, 212

949, 213, 949, 195, 981, 195, 981, 213

1033, 224, 1029, 204, 1077, 194, 1081, 215

984, 234, 979, 213, 1022, 204, 1026, 224

1208, 437, 1208, 415, 1328, 415, 1328, 437

1100, 698, 1041, 690, 1046, 654, 1105, 663

1076, 741, 992, 719, 997, 697, 1082, 720

1335, 787, 1232, 762, 1242, 720, 1345, 744

1143, 762, 1079, 742, 1087, 720, 1150, 741

