583, 192, 583, 171, 618, 171, 618, 192

547, 224, 547, 205, 609, 205, 609, 224

1082, 228, 1082, 208, 1154, 208, 1154, 228

1163, 224, 1163, 212, 1192, 212, 1192, 224

658, 245, 658, 227, 713, 227, 713, 245

546, 247, 546, 229, 627, 229, 627, 247

632, 245, 632, 229, 653, 229, 653, 245

548, 273, 548, 252, 586, 252, 586, 273

590, 271, 590, 252, 673, 252, 673, 271

576, 296, 576, 276, 616, 276, 616, 296

569, 296, 550, 296, 550, 278, 569, 278

652, 320, 652, 297, 722, 297, 722, 320

619, 318, 619, 299, 642, 299, 642, 318

550, 320, 550, 302, 571, 302, 571, 320

576, 318, 576, 302, 601, 302, 601, 318

