565, 278, 559, 250, 657, 229, 663, 257

181, 262, 181, 248, 244, 248, 244, 262

293, 262, 248, 262, 248, 248, 293, 248

186, 277, 186, 265, 222, 265, 222, 277

227, 277, 227, 265, 258, 265, 258, 277

264, 277, 264, 265, 295, 265, 295, 277

81, 322, 69, 292, 124, 269, 137, 300

182, 294, 181, 281, 277, 278, 278, 291

203, 311, 203, 295, 269, 295, 269, 311

593, 323, 592, 308, 632, 305, 633, 320

207, 350, 206, 322, 272, 319, 274, 347

596, 343, 595, 331, 632, 328, 633, 341

207, 377, 207, 355, 269, 355, 269, 377

759, 633, 489, 603, 494, 561, 763, 592

664, 662, 411, 618, 415, 597, 668, 640

