1085, 292, 1074, 260, 1162, 228, 1173, 261

792, 260, 790, 236, 826, 234, 828, 257

969, 277, 969, 263, 996, 263, 996, 277

930, 285, 928, 267, 963, 263, 965, 281

1001, 314, 993, 292, 1052, 272, 1059, 295

197, 352, 194, 290, 309, 285, 312, 347

440, 364, 305, 343, 314, 280, 450, 301

783, 323, 780, 306, 823, 298, 826, 314

1102, 378, 1097, 346, 1189, 333, 1193, 366

61, 388, 61, 366, 140, 366, 140, 388

379, 406, 373, 393, 393, 383, 399, 396

1113, 437, 1113, 404, 1209, 404, 1209, 437

1018, 442, 1018, 415, 1101, 415, 1101, 442

1219, 495, 1121, 492, 1122, 461, 1220, 464

1036, 491, 1033, 470, 1096, 461, 1099, 483

