425, 198, 425, 152, 504, 152, 504, 198

183, 213, 180, 179, 339, 163, 342, 197

852, 190, 852, 167, 873, 167, 873, 190

716, 198, 714, 182, 775, 175, 777, 191

643, 227, 638, 195, 708, 184, 713, 216

121, 239, 85, 227, 99, 183, 136, 195

721, 215, 719, 201, 781, 193, 783, 207

143, 275, 113, 266, 121, 241, 150, 250

173, 296, 116, 291, 117, 275, 174, 280

468, 382, 465, 361, 507, 354, 510, 376

418, 391, 415, 369, 462, 363, 465, 385

488, 401, 484, 380, 553, 366, 557, 388

403, 420, 399, 399, 480, 380, 484, 402

