813, 101, 799, 70, 895, 27, 909, 57

1076, 123, 1067, 91, 1138, 71, 1148, 103

1046, 128, 1046, 94, 1069, 94, 1069, 128

1001, 142, 994, 109, 1041, 99, 1049, 131

1075, 162, 1067, 128, 1167, 105, 1175, 139

824, 151, 824, 126, 845, 126, 845, 151

798, 166, 798, 131, 819, 131, 819, 166

1002, 180, 995, 147, 1068, 132, 1074, 165

1051, 252, 1048, 216, 1135, 209, 1138, 244

1144, 243, 1141, 214, 1184, 210, 1187, 239

998, 258, 994, 229, 1044, 224, 1047, 253

1178, 290, 1175, 252, 1333, 239, 1336, 277

1083, 292, 1080, 256, 1169, 249, 1172, 285

999, 294, 997, 262, 1077, 257, 1079, 289

960, 443, 799, 422, 811, 327, 973, 348

1143, 379, 1054, 371, 1057, 335, 1146, 344

1003, 371, 1003, 340, 1050, 340, 1050, 371

1158, 380, 1158, 351, 1218, 351, 1218, 380

1325, 391, 1230, 385, 1232, 356, 1326, 361

1005, 403, 1005, 374, 1026, 374, 1026, 403

1081, 415, 1025, 406, 1030, 374, 1086, 382

1174, 425, 1086, 419, 1089, 386, 1176, 392

1123, 534, 1008, 497, 1018, 464, 1133, 501

1309, 588, 1128, 533, 1138, 500, 1319, 555

