1273, 123, 1273, 107, 1304, 107, 1304, 123

508, 162, 504, 143, 530, 138, 534, 157

477, 162, 477, 146, 504, 146, 504, 162

1081, 160, 1080, 147, 1113, 145, 1114, 157

1053, 164, 1053, 150, 1075, 150, 1075, 164

425, 168, 425, 152, 450, 152, 450, 168

366, 180, 363, 163, 420, 153, 423, 170

266, 192, 263, 169, 353, 158, 356, 180

1070, 190, 1068, 178, 1098, 174, 1100, 186

986, 218, 984, 193, 1049, 188, 1050, 213

195, 313, 194, 292, 249, 289, 250, 310

205, 416, 205, 393, 243, 393, 243, 416

203, 521, 203, 500, 256, 500, 256, 521

