1208, 258, 1204, 230, 1315, 215, 1318, 243

1058, 276, 1055, 239, 1197, 227, 1200, 264

1000, 282, 998, 247, 1049, 243, 1052, 278

1152, 318, 1149, 295, 1214, 288, 1216, 310

1055, 321, 1053, 302, 1143, 296, 1145, 315

1070, 345, 1070, 331, 1097, 331, 1097, 345

1102, 350, 1102, 331, 1155, 331, 1155, 350

1163, 352, 1163, 331, 1207, 331, 1207, 352

1085, 378, 1032, 374, 1033, 364, 1086, 368

1140, 380, 1092, 380, 1092, 366, 1140, 366

1172, 380, 1145, 380, 1145, 366, 1172, 366

1237, 382, 1178, 382, 1178, 368, 1237, 368

1315, 386, 1249, 386, 1249, 368, 1315, 368

1109, 446, 1055, 442, 1057, 428, 1111, 432

1172, 448, 1117, 448, 1117, 436, 1172, 436

1218, 452, 1180, 452, 1180, 436, 1218, 436

1254, 454, 1223, 454, 1223, 438, 1254, 438

