1085, 207, 1085, 195, 1116, 195, 1116, 207

1109, 219, 1109, 208, 1138, 208, 1138, 219

788, 273, 787, 234, 956, 232, 957, 270

307, 311, 226, 308, 227, 277, 309, 280

960, 293, 909, 290, 910, 277, 961, 280

872, 290, 872, 280, 905, 280, 905, 290

85, 326, 85, 308, 125, 308, 125, 326

151, 328, 151, 312, 181, 312, 181, 328

864, 352, 835, 352, 835, 340, 864, 340

854, 371, 854, 361, 901, 361, 901, 371

805, 403, 805, 391, 838, 391, 838, 403

1286, 449, 1090, 443, 1092, 389, 1288, 395

1093, 482, 1093, 451, 1286, 451, 1286, 482

399, 486, 399, 472, 429, 472, 429, 486

384, 693, 219, 684, 220, 667, 385, 675

