1206, 249, 1203, 221, 1311, 207, 1315, 235

1060, 267, 1057, 230, 1197, 219, 1199, 257

1005, 275, 1001, 240, 1051, 235, 1054, 271

1154, 306, 1152, 283, 1219, 279, 1220, 302

1059, 312, 1057, 294, 1148, 286, 1149, 304

1076, 339, 1076, 323, 1103, 323, 1103, 339

1162, 339, 1109, 339, 1109, 323, 1162, 323

1167, 343, 1167, 323, 1211, 323, 1211, 343

1098, 371, 1098, 355, 1147, 355, 1147, 371

1179, 371, 1150, 371, 1150, 357, 1179, 357

1184, 371, 1184, 357, 1239, 357, 1239, 371

1318, 377, 1250, 374, 1251, 356, 1319, 359

1063, 431, 1035, 431, 1035, 419, 1063, 419

1119, 435, 1066, 435, 1066, 421, 1119, 421

1181, 439, 1126, 439, 1126, 425, 1181, 425

1225, 445, 1187, 441, 1189, 423, 1227, 427

1260, 446, 1230, 443, 1232, 426, 1262, 429

