1309, 34, 1303, 8, 1358, 0, 1363, 22

1169, 78, 1156, 32, 1296, 0, 1309, 37

731, 96, 731, 71, 782, 71, 782, 96

842, 94, 786, 90, 788, 69, 843, 73

965, 141, 955, 109, 1015, 92, 1024, 124

727, 125, 727, 107, 767, 107, 767, 125

772, 121, 772, 107, 806, 107, 806, 121

690, 130, 690, 109, 724, 109, 724, 130

762, 143, 762, 126, 815, 126, 815, 143

1144, 175, 1139, 146, 1217, 132, 1222, 161

788, 224, 788, 197, 847, 197, 847, 224

716, 228, 716, 201, 782, 201, 782, 228

792, 304, 791, 279, 848, 275, 849, 300

725, 314, 721, 289, 774, 281, 778, 306

749, 379, 747, 361, 835, 353, 837, 371

731, 403, 729, 383, 847, 370, 849, 390

