1287, 445, 998, 425, 1002, 365, 1291, 385

1119, 470, 993, 443, 1001, 406, 1127, 432

1273, 497, 1118, 477, 1124, 429, 1280, 450

990, 465, 990, 449, 1009, 449, 1009, 465

1051, 479, 1011, 470, 1014, 452, 1055, 460

1059, 484, 1059, 464, 1084, 464, 1084, 484

1141, 501, 1088, 488, 1093, 469, 1146, 482

1197, 513, 1148, 503, 1152, 481, 1202, 492

1262, 528, 1215, 520, 1219, 495, 1266, 503

1014, 563, 979, 552, 985, 535, 1019, 546

1046, 576, 1015, 566, 1021, 548, 1052, 558

1081, 591, 1047, 574, 1055, 557, 1089, 574

