1020, 153, 1007, 110, 1091, 86, 1103, 129

1217, 195, 1208, 149, 1338, 122, 1347, 169

1230, 246, 1223, 212, 1339, 190, 1345, 224

988, 219, 988, 201, 1019, 201, 1019, 219

1071, 232, 1067, 210, 1113, 201, 1117, 223

1021, 241, 1016, 221, 1059, 212, 1064, 232

1355, 446, 1239, 443, 1240, 421, 1356, 423

1133, 685, 1080, 675, 1083, 661, 1136, 671

1135, 707, 1078, 692, 1083, 672, 1140, 687

1113, 752, 1058, 736, 1064, 715, 1119, 730

1367, 795, 1264, 771, 1275, 726, 1377, 749

1178, 771, 1116, 751, 1123, 731, 1185, 751

