1281, 414, 1015, 398, 1018, 343, 1284, 359

1128, 442, 1012, 421, 1018, 385, 1134, 406

1275, 466, 1131, 456, 1135, 406, 1278, 415

1024, 448, 1008, 440, 1015, 425, 1032, 434

1068, 454, 1028, 447, 1031, 429, 1071, 436

1074, 461, 1074, 440, 1099, 440, 1099, 461

1152, 472, 1104, 463, 1107, 445, 1156, 453

1203, 485, 1157, 472, 1163, 451, 1209, 465

1263, 498, 1220, 488, 1226, 464, 1269, 474

1036, 540, 1003, 529, 1009, 512, 1042, 523

1067, 550, 1044, 550, 1044, 526, 1067, 526

1103, 564, 1067, 551, 1074, 533, 1109, 546

