947, 46, 886, 40, 888, 15, 949, 20

1067, 61, 954, 50, 957, 20, 1070, 31

833, 36, 833, 24, 879, 24, 879, 36

808, 161, 788, 159, 792, 105, 812, 107

766, 155, 766, 109, 789, 109, 789, 155

765, 147, 755, 147, 755, 112, 765, 112

860, 136, 828, 136, 828, 112, 860, 112

865, 143, 865, 112, 914, 112, 914, 143

957, 147, 919, 147, 919, 116, 957, 116

989, 149, 964, 149, 964, 120, 989, 120

818, 166, 818, 139, 856, 139, 856, 166

1096, 420, 976, 417, 977, 387, 1097, 390

1191, 423, 1102, 419, 1104, 391, 1192, 395

960, 481, 959, 430, 1359, 426, 1360, 477

1233, 514, 1233, 496, 1359, 496, 1359, 514

