1128, 134, 1113, 98, 1172, 74, 1186, 110

644, 117, 644, 97, 704, 97, 704, 117

591, 124, 589, 101, 639, 97, 641, 120

298, 233, 221, 210, 233, 172, 309, 195

59, 223, 57, 195, 121, 191, 123, 218

650, 262, 650, 235, 718, 235, 718, 262

585, 270, 583, 242, 643, 237, 646, 265

1186, 256, 1186, 238, 1218, 238, 1218, 256

1274, 308, 1270, 274, 1320, 268, 1324, 301

59, 303, 59, 285, 120, 285, 120, 303

658, 370, 656, 345, 721, 339, 723, 364

593, 376, 590, 354, 649, 345, 652, 368

1283, 420, 1280, 390, 1331, 384, 1334, 415

