1078, 324, 1042, 324, 1042, 299, 1078, 299

1012, 324, 1012, 302, 1039, 302, 1039, 324

1032, 356, 1001, 356, 1001, 331, 1032, 331

1038, 360, 1038, 331, 1088, 331, 1088, 360

229, 356, 229, 338, 254, 338, 254, 356

1271, 409, 1271, 364, 1347, 364, 1347, 409

1346, 476, 1266, 459, 1275, 418, 1355, 434

1072, 471, 1004, 456, 1010, 428, 1078, 442

1056, 507, 988, 488, 996, 460, 1064, 479

1347, 526, 1264, 508, 1273, 464, 1357, 481

1066, 512, 1066, 481, 1088, 481, 1088, 512

1346, 567, 1268, 549, 1274, 523, 1352, 541

