1227, 265, 1223, 239, 1323, 224, 1327, 250

1088, 279, 1085, 244, 1216, 233, 1219, 269

1032, 287, 1029, 252, 1080, 248, 1083, 282

1178, 320, 1175, 299, 1235, 291, 1237, 313

1085, 321, 1084, 305, 1169, 301, 1170, 317

1133, 350, 1133, 331, 1181, 331, 1181, 350

1102, 348, 1102, 334, 1127, 334, 1127, 348

1229, 352, 1189, 352, 1189, 334, 1229, 334

1124, 377, 1124, 364, 1168, 364, 1168, 377

1256, 382, 1203, 379, 1204, 364, 1257, 367

1266, 384, 1266, 368, 1330, 368, 1330, 384

1143, 442, 1060, 436, 1061, 421, 1144, 426

1202, 446, 1149, 441, 1150, 425, 1204, 430

1243, 449, 1208, 445, 1210, 428, 1245, 432

1249, 448, 1249, 432, 1278, 432, 1278, 448

