1101, 120, 1081, 87, 1133, 55, 1153, 88

602, 128, 600, 109, 663, 105, 664, 125

550, 138, 547, 117, 596, 109, 599, 130

552, 162, 550, 150, 584, 144, 586, 157

273, 255, 203, 236, 213, 199, 283, 218

53, 255, 50, 230, 111, 221, 114, 247

1156, 237, 1156, 223, 1183, 223, 1183, 237

609, 272, 607, 244, 676, 239, 678, 267

548, 279, 544, 252, 602, 244, 606, 271

1248, 290, 1241, 257, 1297, 246, 1303, 279

57, 332, 55, 314, 108, 307, 110, 324

619, 372, 617, 348, 683, 342, 685, 366

559, 381, 556, 358, 602, 352, 605, 375

1258, 397, 1258, 368, 1313, 368, 1313, 397

