1100, 222, 1100, 210, 1132, 210, 1132, 222

1122, 237, 1122, 225, 1151, 225, 1151, 237

805, 281, 805, 246, 974, 246, 974, 281

309, 316, 221, 305, 226, 272, 313, 284

928, 301, 928, 289, 981, 289, 981, 301

67, 322, 67, 306, 114, 306, 114, 322

147, 324, 147, 312, 172, 312, 172, 324

867, 380, 867, 366, 918, 366, 918, 380

994, 380, 945, 380, 945, 368, 994, 368

1104, 452, 1104, 402, 1291, 402, 1291, 452

1103, 486, 1103, 457, 1290, 457, 1290, 486

434, 489, 403, 485, 404, 470, 436, 474

387, 693, 209, 685, 210, 668, 388, 677

