1107, 145, 1083, 112, 1135, 74, 1159, 106

621, 121, 621, 101, 677, 101, 677, 121

572, 128, 569, 106, 615, 101, 618, 123

552, 130, 552, 112, 571, 112, 571, 130

278, 236, 203, 212, 214, 177, 289, 200

41, 227, 39, 200, 104, 196, 106, 222

630, 262, 630, 235, 698, 235, 698, 262

1165, 251, 1165, 235, 1192, 235, 1192, 251

566, 271, 563, 244, 624, 236, 627, 264

1253, 304, 1247, 273, 1298, 263, 1304, 294

41, 305, 41, 287, 105, 287, 105, 305

641, 367, 639, 342, 704, 337, 706, 362

578, 374, 574, 351, 625, 343, 629, 366

1266, 409, 1266, 381, 1315, 381, 1315, 409

