1055, 62, 986, 58, 988, 28, 1057, 33

1121, 67, 1064, 58, 1067, 38, 1124, 47

195, 229, 178, 109, 295, 93, 312, 213

596, 166, 596, 109, 661, 109, 661, 166

389, 245, 383, 135, 443, 132, 449, 242

453, 234, 453, 150, 513, 150, 513, 234

520, 234, 520, 210, 569, 210, 569, 234

395, 321, 391, 250, 571, 238, 576, 308

517, 358, 512, 327, 642, 306, 647, 336

363, 385, 358, 353, 466, 336, 471, 369

591, 367, 588, 349, 644, 342, 647, 360

516, 382, 512, 361, 584, 348, 588, 368

257, 413, 247, 376, 351, 350, 360, 388

317, 425, 313, 398, 417, 380, 422, 406

