684, 147, 684, 107, 711, 107, 711, 147

654, 164, 654, 124, 681, 124, 681, 164

600, 270, 590, 221, 683, 202, 693, 251

1046, 249, 1044, 227, 1095, 222, 1097, 244

533, 291, 521, 242, 592, 226, 603, 274

1043, 294, 1037, 258, 1111, 244, 1118, 280

958, 312, 956, 299, 988, 296, 990, 309

578, 326, 577, 312, 632, 309, 633, 323

1025, 339, 1024, 318, 1154, 316, 1155, 336

1046, 359, 1045, 342, 1118, 338, 1119, 355

1027, 382, 1027, 364, 1054, 364, 1054, 382

1072, 380, 1072, 364, 1121, 364, 1121, 380

326, 416, 326, 398, 364, 398, 364, 416

