283, 157, 50, 140, 54, 87, 287, 104

78, 172, 78, 148, 137, 148, 137, 172

285, 185, 145, 176, 147, 150, 287, 159

299, 443, 296, 399, 475, 387, 478, 430

37, 474, 33, 429, 289, 402, 293, 446

428, 463, 425, 441, 473, 434, 476, 456

356, 475, 353, 447, 419, 440, 422, 467

307, 480, 307, 451, 351, 451, 351, 480

225, 494, 221, 465, 302, 453, 306, 482

167, 500, 163, 471, 212, 465, 216, 494

98, 511, 94, 481, 160, 474, 163, 503

35, 518, 33, 487, 89, 483, 91, 515

376, 503, 374, 487, 419, 481, 421, 497

307, 514, 307, 502, 349, 502, 349, 514

438, 556, 435, 541, 481, 532, 484, 546

353, 572, 351, 562, 393, 553, 395, 564

