1076, 68, 1076, 43, 1160, 43, 1160, 68

1171, 70, 1171, 50, 1192, 50, 1192, 70

1057, 98, 929, 95, 930, 64, 1058, 67

1188, 107, 1081, 99, 1083, 65, 1191, 73

1223, 104, 1223, 77, 1263, 77, 1263, 104

1308, 109, 1264, 105, 1266, 78, 1310, 82

395, 160, 395, 135, 439, 135, 439, 160

1125, 571, 1057, 541, 1068, 516, 1136, 545

1326, 580, 1244, 557, 1255, 518, 1337, 540

1171, 593, 1121, 569, 1134, 541, 1185, 565

1191, 640, 1077, 587, 1091, 558, 1204, 611

1226, 618, 1165, 588, 1180, 559, 1241, 589

