1074, 73, 1001, 69, 1003, 39, 1076, 43

1138, 80, 1079, 69, 1084, 45, 1142, 57

180, 234, 169, 110, 293, 98, 304, 223

600, 172, 598, 117, 669, 115, 671, 169

384, 247, 384, 135, 446, 135, 446, 247

453, 233, 453, 153, 511, 153, 511, 233

521, 241, 518, 216, 570, 210, 573, 236

390, 320, 387, 250, 573, 242, 576, 312

514, 358, 509, 330, 642, 307, 647, 336

353, 387, 348, 354, 462, 337, 467, 369

590, 368, 588, 349, 645, 342, 647, 361

242, 412, 233, 375, 342, 351, 350, 388

514, 381, 511, 362, 584, 350, 587, 369

308, 424, 304, 398, 410, 379, 415, 405

