274, 139, 36, 128, 39, 72, 277, 82

63, 160, 63, 133, 127, 133, 127, 160

277, 176, 132, 162, 134, 134, 280, 147

298, 444, 294, 399, 471, 384, 475, 429

32, 477, 27, 430, 284, 402, 289, 449

427, 475, 421, 442, 471, 432, 477, 466

355, 476, 351, 448, 416, 438, 420, 465

305, 482, 305, 451, 349, 451, 349, 482

222, 496, 218, 466, 300, 456, 303, 486

163, 504, 158, 475, 208, 468, 213, 496

427, 496, 424, 479, 470, 471, 473, 487

91, 515, 88, 485, 155, 477, 159, 507

374, 507, 371, 489, 414, 480, 418, 498

31, 525, 28, 494, 84, 488, 88, 519

241, 528, 239, 517, 324, 502, 326, 513

197, 534, 195, 520, 229, 516, 230, 530

440, 559, 436, 545, 479, 535, 482, 548

352, 577, 350, 564, 399, 555, 401, 568

