942, 67, 833, 52, 837, 27, 945, 41

1056, 84, 951, 68, 956, 39, 1060, 55

791, 158, 759, 158, 759, 118, 791, 118

812, 170, 794, 170, 794, 120, 812, 120

859, 151, 829, 144, 834, 120, 865, 127

865, 158, 865, 126, 914, 126, 914, 158

917, 162, 917, 131, 957, 131, 957, 162

960, 166, 960, 137, 987, 137, 987, 166

857, 180, 819, 176, 822, 148, 860, 152

1100, 434, 982, 428, 984, 399, 1101, 405

1190, 437, 1107, 437, 1107, 408, 1190, 408

1357, 498, 965, 489, 966, 437, 1358, 445

1351, 531, 1234, 531, 1234, 513, 1351, 513

