1119, 126, 1096, 91, 1156, 51, 1179, 86

624, 117, 624, 97, 679, 97, 679, 117

572, 126, 569, 104, 617, 98, 620, 120

552, 130, 552, 109, 571, 109, 571, 130

574, 149, 574, 137, 601, 137, 601, 149

291, 242, 217, 221, 227, 185, 301, 207

67, 239, 64, 213, 125, 206, 128, 232

1180, 239, 1180, 220, 1209, 220, 1209, 239

630, 263, 628, 235, 697, 230, 699, 258

569, 271, 564, 244, 624, 234, 628, 262

1274, 290, 1268, 256, 1322, 247, 1327, 281

67, 317, 65, 298, 125, 291, 127, 310

641, 365, 639, 340, 704, 335, 706, 360

579, 374, 575, 351, 624, 342, 628, 365

1286, 399, 1286, 368, 1339, 368, 1339, 399

