244, 222, 244, 176, 342, 176, 342, 222

326, 235, 284, 231, 285, 218, 327, 222

337, 262, 263, 259, 264, 243, 338, 246

632, 281, 632, 257, 677, 257, 677, 281

982, 281, 980, 262, 1040, 258, 1041, 277

728, 281, 708, 281, 708, 261, 728, 261

253, 275, 253, 263, 286, 263, 286, 275

338, 277, 292, 277, 292, 263, 338, 263

897, 277, 897, 263, 922, 263, 922, 277

347, 424, 322, 424, 322, 410, 347, 410

287, 427, 287, 413, 312, 413, 312, 427

261, 444, 261, 430, 299, 430, 299, 444

307, 442, 307, 430, 332, 430, 332, 442

276, 459, 276, 447, 304, 447, 304, 459

