595, 294, 591, 266, 687, 250, 692, 277

195, 277, 195, 263, 263, 263, 263, 277

312, 277, 266, 277, 266, 263, 312, 263

239, 294, 199, 294, 199, 280, 239, 280

242, 292, 242, 280, 312, 280, 312, 292

87, 335, 87, 293, 137, 293, 137, 335

197, 311, 197, 297, 243, 297, 243, 311

291, 328, 220, 328, 220, 312, 291, 312

617, 343, 616, 326, 660, 322, 662, 339

223, 365, 222, 338, 290, 335, 291, 363

621, 360, 621, 346, 664, 346, 664, 360

225, 392, 223, 372, 287, 366, 288, 387

661, 382, 621, 382, 621, 372, 661, 372

766, 641, 497, 605, 503, 566, 772, 602

684, 666, 446, 630, 449, 609, 687, 645

