983, 217, 956, 184, 1052, 103, 1080, 136

658, 170, 656, 156, 678, 153, 680, 168

713, 168, 686, 168, 686, 154, 713, 154

626, 175, 626, 159, 653, 159, 653, 175

621, 222, 621, 176, 748, 176, 748, 222

296, 238, 249, 204, 267, 178, 314, 212

37, 254, 37, 220, 66, 220, 66, 254

629, 258, 626, 223, 746, 215, 749, 250

630, 296, 630, 272, 674, 272, 674, 296

678, 322, 678, 297, 741, 297, 741, 322

624, 326, 623, 303, 671, 300, 673, 323

708, 360, 708, 329, 750, 329, 750, 360

626, 363, 623, 333, 701, 327, 703, 356

1332, 381, 1248, 362, 1254, 335, 1338, 353

