1212, 68, 1212, 50, 1239, 50, 1239, 68

1186, 76, 1186, 58, 1207, 58, 1207, 76

1181, 103, 1175, 81, 1251, 60, 1257, 82

1038, 123, 1035, 108, 1076, 98, 1080, 112

1241, 162, 1234, 131, 1293, 118, 1300, 149

1076, 192, 1070, 161, 1160, 145, 1166, 176

1245, 200, 1245, 186, 1295, 186, 1295, 200

1204, 202, 1204, 188, 1235, 188, 1235, 202

824, 279, 824, 201, 888, 201, 888, 279

792, 231, 721, 227, 723, 202, 793, 206

1234, 249, 1234, 227, 1254, 227, 1254, 249

979, 288, 979, 235, 1034, 235, 1034, 288

1208, 281, 1208, 259, 1259, 259, 1259, 281

1042, 290, 1042, 272, 1073, 272, 1073, 290

