1132, 209, 1102, 209, 1102, 197, 1132, 197

1124, 226, 1124, 212, 1153, 212, 1153, 226

800, 275, 800, 238, 972, 238, 972, 275

303, 315, 216, 306, 219, 271, 307, 280

885, 296, 885, 285, 920, 285, 920, 296

926, 296, 926, 285, 978, 285, 978, 296

65, 326, 65, 306, 107, 306, 107, 326

138, 326, 138, 312, 168, 312, 168, 326

877, 360, 848, 360, 848, 349, 877, 349

863, 382, 863, 368, 916, 368, 916, 382

938, 382, 938, 368, 991, 368, 991, 382

805, 414, 805, 393, 851, 393, 851, 414

1102, 461, 1102, 406, 1291, 406, 1291, 461

1102, 497, 1102, 466, 1291, 466, 1291, 497

397, 499, 397, 485, 426, 485, 426, 499

380, 721, 198, 714, 199, 694, 381, 701

