812, 99, 798, 66, 896, 23, 910, 55

1071, 125, 1062, 90, 1130, 73, 1139, 108

1040, 128, 1040, 97, 1063, 97, 1063, 128

998, 142, 989, 110, 1033, 99, 1041, 131

1074, 166, 1064, 132, 1158, 105, 1168, 140

824, 151, 824, 126, 843, 126, 843, 151

798, 166, 798, 129, 819, 129, 819, 166

999, 181, 992, 146, 1063, 132, 1071, 166

1141, 246, 1137, 215, 1178, 211, 1182, 241

1048, 256, 1044, 219, 1130, 209, 1135, 245

997, 260, 994, 231, 1042, 225, 1046, 255

1176, 294, 1173, 256, 1319, 243, 1323, 282

1081, 295, 1079, 259, 1167, 254, 1169, 290

997, 298, 995, 266, 1074, 261, 1076, 293

940, 449, 802, 429, 816, 333, 954, 353

1143, 389, 1052, 378, 1057, 341, 1147, 352

1003, 375, 1003, 349, 1052, 349, 1052, 375

1217, 392, 1159, 385, 1163, 355, 1220, 362

1322, 400, 1232, 394, 1234, 366, 1323, 372

1028, 412, 1007, 412, 1007, 383, 1028, 383

1083, 422, 1027, 417, 1031, 383, 1087, 389

1174, 436, 1089, 429, 1092, 395, 1177, 401

1131, 549, 1017, 510, 1028, 478, 1142, 517

1288, 598, 1133, 548, 1144, 514, 1299, 565

