587, 307, 581, 280, 677, 259, 683, 286

266, 294, 266, 280, 310, 280, 310, 294

260, 296, 197, 296, 197, 282, 260, 282

281, 309, 281, 297, 310, 297, 310, 309

199, 311, 199, 299, 237, 299, 237, 311

275, 311, 242, 311, 242, 299, 275, 299

93, 357, 80, 324, 135, 301, 149, 335

244, 326, 244, 314, 295, 314, 295, 326

195, 331, 194, 318, 242, 315, 243, 327

218, 349, 217, 331, 287, 327, 288, 345

609, 357, 607, 340, 651, 333, 654, 350

223, 385, 221, 357, 290, 353, 292, 381

614, 375, 611, 361, 646, 355, 649, 368

223, 414, 223, 389, 284, 389, 284, 414

762, 658, 500, 625, 505, 586, 767, 619

677, 686, 440, 650, 444, 629, 681, 665

