707, 139, 704, 102, 732, 99, 736, 136

676, 156, 671, 120, 701, 117, 705, 152

624, 267, 613, 217, 705, 197, 716, 247

1059, 247, 1057, 222, 1105, 219, 1107, 244

553, 290, 541, 239, 615, 222, 627, 273

1054, 291, 1047, 256, 1118, 243, 1125, 278

1199, 280, 1198, 267, 1233, 263, 1235, 276

973, 312, 972, 299, 1001, 296, 1003, 309

600, 327, 599, 314, 652, 310, 653, 323

1035, 339, 1034, 316, 1161, 313, 1162, 336

1055, 359, 1054, 343, 1122, 338, 1124, 355

1081, 382, 1081, 364, 1127, 364, 1127, 382

1038, 382, 1038, 366, 1063, 366, 1063, 382

