1066, 111, 1066, 43, 1132, 43, 1132, 111

589, 100, 589, 80, 646, 80, 646, 100

540, 108, 537, 86, 583, 81, 586, 103

265, 220, 196, 201, 206, 164, 276, 184

54, 217, 51, 192, 109, 184, 112, 210

1152, 224, 1152, 205, 1179, 205, 1179, 224

598, 245, 596, 217, 665, 213, 667, 241

535, 252, 532, 224, 591, 216, 595, 244

1251, 278, 1244, 243, 1300, 233, 1306, 268

54, 293, 52, 276, 106, 271, 108, 288

609, 350, 608, 324, 672, 319, 674, 345

548, 359, 544, 334, 599, 324, 603, 349

1268, 395, 1268, 361, 1326, 361, 1326, 395

