1187, 105, 1176, 60, 1305, 29, 1315, 73

1316, 71, 1311, 45, 1365, 36, 1369, 62

764, 98, 764, 75, 817, 75, 817, 98

874, 103, 819, 97, 822, 75, 876, 81

762, 128, 762, 109, 802, 109, 802, 128

725, 130, 725, 112, 758, 112, 758, 130

840, 128, 807, 128, 807, 112, 840, 112

996, 153, 989, 122, 1044, 109, 1051, 141

796, 149, 796, 131, 849, 131, 849, 149

1210, 147, 1210, 137, 1241, 137, 1241, 147

1169, 197, 1165, 170, 1237, 159, 1242, 186

824, 228, 824, 201, 884, 201, 884, 228

752, 228, 752, 203, 818, 203, 818, 228

833, 305, 833, 280, 888, 280, 888, 305

764, 312, 761, 289, 815, 280, 819, 303

790, 377, 789, 359, 876, 354, 877, 372

772, 401, 771, 381, 889, 373, 890, 393

