480, 119, 423, 119, 423, 52, 480, 52

874, 217, 522, 144, 536, 75, 888, 147

145, 108, 145, 86, 183, 86, 183, 108

98, 111, 98, 90, 140, 90, 140, 111

26, 121, 24, 96, 89, 91, 91, 116

134, 136, 134, 116, 166, 116, 166, 136

95, 140, 95, 118, 127, 118, 127, 140

1092, 247, 1092, 235, 1134, 235, 1134, 247

1089, 265, 1088, 250, 1159, 247, 1160, 262

1102, 279, 1102, 267, 1160, 267, 1160, 279

1076, 298, 1076, 285, 1112, 285, 1112, 298

1079, 314, 1078, 301, 1131, 297, 1132, 310

1074, 390, 1074, 376, 1127, 376, 1127, 390

1185, 390, 1135, 390, 1135, 376, 1185, 376

1074, 437, 1074, 423, 1147, 423, 1147, 437

1092, 469, 1092, 457, 1132, 457, 1132, 469

