389, 207, 389, 186, 418, 186, 418, 207

456, 213, 421, 210, 424, 184, 459, 187

504, 215, 462, 215, 462, 191, 504, 191

582, 224, 509, 216, 512, 191, 585, 199

902, 238, 851, 235, 852, 215, 903, 218

1126, 257, 1037, 251, 1038, 231, 1127, 237

1150, 281, 1012, 270, 1014, 249, 1152, 259

121, 358, 121, 314, 146, 314, 146, 358

130, 505, 100, 502, 108, 412, 138, 415

910, 448, 910, 430, 991, 430, 991, 448

997, 448, 997, 430, 1065, 430, 1065, 448

477, 614, 477, 573, 564, 573, 564, 614

376, 612, 376, 577, 431, 577, 431, 612

474, 612, 436, 612, 436, 581, 474, 581

379, 637, 379, 621, 436, 621, 436, 637

443, 638, 443, 622, 506, 622, 506, 638

