1049, 79, 976, 72, 979, 43, 1052, 50

1115, 86, 1053, 78, 1056, 51, 1119, 59

190, 229, 178, 114, 293, 101, 305, 217

586, 172, 586, 120, 656, 120, 656, 172

380, 245, 380, 137, 439, 137, 439, 245

445, 237, 445, 156, 502, 156, 502, 237

514, 241, 512, 216, 561, 214, 562, 238

390, 320, 387, 250, 565, 242, 568, 312

507, 356, 503, 329, 635, 310, 638, 338

358, 382, 354, 351, 460, 337, 464, 368

507, 382, 504, 362, 638, 341, 641, 361

253, 408, 244, 371, 347, 348, 355, 384

314, 420, 310, 394, 411, 377, 415, 403

