1038, 55, 964, 51, 966, 20, 1040, 24

1046, 59, 1046, 33, 1106, 33, 1106, 59

173, 229, 160, 106, 276, 94, 289, 217

571, 166, 567, 108, 638, 103, 641, 161

420, 153, 393, 153, 393, 129, 420, 129

364, 240, 360, 131, 417, 128, 422, 238

427, 229, 427, 145, 482, 145, 482, 229

494, 232, 494, 208, 543, 208, 543, 232

368, 316, 365, 244, 545, 236, 548, 309

487, 355, 482, 325, 613, 305, 618, 334

336, 384, 331, 351, 436, 335, 441, 368

561, 365, 561, 349, 610, 349, 610, 365

228, 411, 220, 373, 323, 348, 332, 387

514, 373, 514, 353, 560, 353, 560, 373

486, 380, 486, 357, 513, 357, 513, 380

290, 423, 285, 395, 388, 377, 393, 404

