142, 136, 104, 118, 118, 89, 156, 106

223, 175, 143, 136, 157, 106, 237, 145

364, 237, 232, 179, 244, 150, 377, 208

1023, 181, 1023, 163, 1078, 163, 1078, 181

997, 213, 995, 198, 1059, 193, 1061, 208

1115, 210, 1060, 206, 1061, 193, 1116, 197

997, 232, 996, 218, 1064, 212, 1066, 226

1070, 226, 1070, 214, 1125, 214, 1125, 226

1047, 260, 1047, 246, 1107, 246, 1107, 260

992, 265, 990, 251, 1040, 244, 1042, 258

1042, 341, 1042, 325, 1095, 325, 1095, 341

997, 343, 996, 330, 1033, 328, 1034, 340

1105, 360, 1030, 357, 1031, 344, 1106, 347

488, 384, 488, 353, 789, 353, 789, 384

542, 504, 505, 500, 507, 483, 543, 487

