397, 175, 394, 155, 473, 145, 476, 165

895, 226, 895, 191, 933, 191, 933, 226

194, 301, 185, 270, 270, 246, 279, 276

458, 279, 458, 263, 500, 263, 500, 279

423, 284, 423, 267, 452, 267, 452, 284

384, 288, 384, 272, 418, 272, 418, 288

475, 294, 475, 282, 504, 282, 504, 294

380, 301, 380, 289, 439, 289, 439, 301

270, 393, 254, 308, 318, 295, 334, 381

895, 341, 887, 321, 929, 304, 937, 325

443, 338, 441, 315, 510, 310, 512, 333

381, 346, 379, 322, 434, 316, 437, 340

392, 383, 389, 346, 500, 336, 503, 373

391, 409, 389, 386, 510, 371, 513, 395

