414, 232, 412, 210, 480, 204, 482, 225

315, 235, 314, 215, 363, 211, 365, 231

369, 230, 369, 212, 409, 212, 409, 230

643, 284, 641, 259, 719, 253, 721, 278

701, 298, 701, 274, 756, 274, 756, 298

617, 306, 616, 287, 695, 283, 696, 303

699, 324, 697, 303, 764, 298, 766, 319

611, 329, 610, 310, 693, 304, 695, 324

688, 348, 687, 328, 760, 323, 761, 343

647, 350, 647, 329, 683, 329, 683, 350

621, 350, 621, 334, 642, 334, 642, 350

685, 366, 685, 348, 736, 348, 736, 366

650, 369, 650, 353, 681, 353, 681, 369

