747, 132, 747, 94, 774, 94, 774, 132

721, 150, 709, 124, 739, 111, 751, 137

667, 259, 657, 208, 747, 191, 756, 242

598, 278, 588, 227, 658, 213, 668, 265

1085, 245, 1082, 223, 1125, 216, 1129, 237

1079, 285, 1074, 250, 1141, 241, 1146, 275

1003, 306, 1001, 293, 1030, 289, 1032, 302

641, 316, 641, 302, 700, 302, 700, 316

1063, 329, 1063, 309, 1178, 309, 1178, 329

1080, 351, 1080, 335, 1146, 335, 1146, 351

1066, 373, 1066, 357, 1088, 357, 1088, 373

1107, 371, 1107, 357, 1147, 357, 1147, 371

384, 412, 384, 393, 420, 393, 420, 412

