1091, 302, 1081, 273, 1165, 245, 1175, 274

811, 273, 811, 250, 847, 250, 847, 273

982, 290, 982, 274, 1011, 274, 1011, 290

945, 296, 943, 281, 975, 277, 977, 293

1009, 323, 1003, 301, 1059, 285, 1065, 307

458, 373, 197, 364, 200, 296, 460, 305

798, 331, 796, 317, 839, 311, 841, 325

1104, 384, 1099, 353, 1186, 340, 1190, 371

135, 395, 100, 395, 100, 385, 135, 385

384, 420, 384, 400, 424, 400, 424, 420

1115, 440, 1113, 410, 1199, 404, 1201, 434

1025, 442, 1025, 415, 1108, 415, 1108, 442

1119, 489, 1119, 460, 1210, 460, 1210, 489

1038, 487, 1036, 464, 1097, 458, 1099, 481

