1164, 196, 1160, 138, 1200, 136, 1203, 193

1048, 227, 1036, 180, 1151, 150, 1163, 197

1005, 234, 1005, 186, 1041, 186, 1041, 234

1195, 251, 1191, 195, 1238, 191, 1242, 248

1049, 278, 1039, 227, 1180, 201, 1189, 253

999, 286, 995, 240, 1038, 236, 1043, 282

1083, 330, 1075, 278, 1204, 260, 1212, 311

1030, 331, 1024, 286, 1072, 279, 1078, 324

1141, 358, 1141, 329, 1198, 329, 1198, 358

1115, 360, 1115, 334, 1136, 334, 1136, 360

1156, 394, 1155, 362, 1266, 358, 1267, 390

1151, 392, 1122, 392, 1122, 366, 1151, 366

