270, 151, 35, 130, 39, 79, 274, 100

65, 166, 65, 141, 127, 141, 127, 166

273, 181, 131, 166, 134, 140, 276, 155

299, 431, 297, 390, 473, 380, 475, 421

42, 459, 37, 413, 289, 390, 293, 436

429, 457, 426, 433, 471, 426, 475, 451

358, 463, 355, 436, 420, 430, 423, 457

310, 469, 307, 441, 352, 436, 355, 465

229, 480, 226, 451, 305, 444, 308, 473

171, 486, 169, 457, 219, 453, 222, 481

103, 496, 100, 466, 165, 461, 167, 490

41, 502, 39, 472, 95, 468, 97, 498

378, 492, 375, 474, 420, 468, 423, 486

246, 509, 245, 498, 333, 488, 334, 499

207, 514, 206, 502, 236, 499, 237, 512

443, 541, 441, 528, 485, 520, 487, 533

358, 558, 356, 546, 402, 538, 404, 550

