721, 147, 721, 109, 748, 109, 748, 147

690, 162, 690, 126, 718, 126, 718, 162

637, 272, 626, 224, 719, 203, 730, 251

1067, 251, 1064, 229, 1110, 224, 1112, 246

570, 290, 561, 239, 628, 227, 637, 278

1061, 291, 1057, 257, 1125, 248, 1130, 282

984, 312, 982, 301, 1010, 297, 1012, 308

615, 326, 615, 312, 672, 312, 672, 326

1046, 337, 1045, 316, 1165, 313, 1166, 334

1064, 358, 1063, 342, 1131, 338, 1132, 354

1048, 380, 1048, 364, 1071, 364, 1071, 380

1089, 377, 1089, 364, 1134, 364, 1134, 377

356, 420, 356, 404, 390, 404, 390, 420

