1072, 63, 999, 57, 1001, 27, 1075, 33

1085, 61, 1085, 47, 1140, 47, 1140, 61

193, 229, 181, 106, 299, 94, 311, 217

600, 164, 600, 107, 670, 107, 670, 164

421, 153, 421, 129, 448, 129, 448, 153

391, 240, 385, 131, 442, 127, 449, 236

453, 227, 453, 147, 513, 147, 513, 227

522, 232, 519, 206, 569, 202, 572, 227

393, 313, 390, 242, 573, 232, 576, 304

515, 346, 511, 318, 643, 299, 647, 327

359, 377, 354, 344, 463, 327, 469, 360

591, 358, 589, 338, 648, 335, 649, 355

252, 401, 244, 364, 349, 341, 357, 378

514, 372, 511, 352, 583, 340, 586, 360

316, 412, 311, 387, 415, 368, 420, 393

