1071, 287, 1060, 255, 1151, 225, 1161, 256

779, 258, 779, 235, 817, 235, 817, 258

962, 275, 962, 259, 985, 259, 985, 275

915, 282, 913, 265, 952, 261, 954, 278

984, 312, 976, 290, 1034, 270, 1042, 292

434, 363, 189, 355, 191, 287, 436, 295

768, 322, 765, 306, 810, 296, 813, 312

1086, 374, 1081, 340, 1175, 327, 1179, 362

74, 388, 74, 372, 129, 372, 129, 388

1098, 434, 1096, 401, 1191, 397, 1192, 430

1001, 437, 1001, 410, 1082, 410, 1082, 437

1202, 489, 1103, 487, 1104, 454, 1203, 457

1051, 480, 1051, 462, 1080, 462, 1080, 480

