725, 123, 725, 86, 752, 86, 752, 123

694, 139, 690, 103, 719, 100, 723, 135

641, 247, 631, 199, 723, 179, 733, 228

1083, 229, 1079, 206, 1126, 198, 1130, 220

571, 268, 559, 219, 632, 202, 643, 252

1074, 267, 1070, 232, 1143, 224, 1147, 259

1227, 259, 1226, 247, 1262, 243, 1263, 256

992, 288, 992, 276, 1024, 276, 1024, 288

615, 305, 614, 290, 673, 287, 674, 302

1059, 316, 1058, 299, 1182, 295, 1183, 312

1076, 337, 1075, 321, 1148, 317, 1149, 334

1059, 360, 1059, 342, 1084, 342, 1084, 360

1102, 356, 1102, 342, 1149, 342, 1149, 356

