982, 87, 982, 60, 1050, 60, 1050, 87

1111, 89, 1056, 86, 1057, 67, 1112, 70

188, 259, 178, 145, 295, 134, 305, 248

590, 193, 590, 140, 658, 140, 658, 193

384, 272, 381, 165, 441, 164, 444, 270

451, 259, 451, 181, 506, 181, 506, 259

516, 260, 516, 235, 564, 235, 564, 260

394, 348, 387, 276, 568, 260, 575, 331

514, 376, 509, 348, 640, 325, 645, 353

359, 410, 354, 376, 462, 357, 468, 391

589, 385, 587, 368, 641, 363, 643, 379

514, 401, 510, 382, 581, 367, 585, 386

251, 435, 243, 398, 349, 374, 357, 411

315, 445, 310, 420, 414, 400, 419, 425

