93, 76, 93, 43, 153, 43, 153, 76

274, 91, 159, 82, 162, 48, 276, 57

457, 107, 358, 99, 361, 70, 459, 78

83, 104, 32, 101, 33, 81, 84, 84

177, 110, 87, 105, 89, 81, 179, 85

184, 111, 184, 90, 206, 90, 206, 111

109, 130, 78, 130, 78, 112, 109, 112

115, 132, 115, 114, 187, 114, 187, 132

255, 136, 191, 133, 192, 117, 256, 120

305, 144, 261, 139, 264, 120, 307, 125

39, 147, 39, 133, 86, 133, 86, 147

115, 151, 115, 133, 142, 133, 142, 151

196, 155, 149, 155, 149, 135, 196, 135

259, 159, 199, 154, 201, 136, 261, 141

471, 164, 353, 157, 354, 139, 472, 146

947, 265, 875, 261, 876, 238, 948, 242

637, 407, 637, 374, 670, 374, 670, 407

