95, 76, 95, 43, 159, 43, 159, 76

279, 89, 165, 82, 167, 49, 281, 56

461, 107, 362, 98, 365, 69, 464, 78

85, 103, 34, 100, 35, 81, 86, 84

180, 110, 89, 103, 91, 80, 182, 87

186, 108, 186, 90, 211, 90, 211, 108

80, 128, 80, 109, 109, 109, 109, 128

44, 125, 44, 112, 73, 112, 73, 125

188, 130, 116, 127, 117, 112, 189, 115

258, 134, 195, 134, 195, 118, 258, 118

307, 140, 262, 135, 264, 117, 309, 122

41, 145, 41, 131, 88, 131, 88, 145

115, 149, 115, 131, 144, 131, 144, 149

149, 151, 149, 133, 196, 133, 196, 151

259, 155, 199, 150, 201, 133, 261, 138

473, 162, 356, 153, 358, 136, 474, 146

1337, 200, 1337, 186, 1375, 186, 1375, 200

882, 258, 882, 235, 957, 235, 957, 258

632, 401, 632, 366, 670, 366, 670, 401

