599, 202, 565, 202, 565, 182, 599, 182

1059, 225, 1058, 203, 1135, 200, 1136, 222

1143, 219, 1143, 203, 1175, 203, 1175, 219

590, 232, 531, 232, 531, 216, 590, 216

1093, 245, 1093, 231, 1167, 231, 1167, 245

696, 251, 641, 251, 641, 233, 696, 233

613, 251, 613, 235, 633, 235, 633, 251

531, 256, 531, 238, 608, 238, 608, 256

576, 277, 576, 259, 657, 259, 657, 277

533, 279, 533, 261, 569, 261, 569, 279

554, 301, 535, 301, 535, 285, 554, 285

561, 303, 561, 285, 599, 285, 599, 303

633, 323, 633, 301, 704, 301, 704, 323

