600, 192, 600, 171, 633, 171, 633, 192

1085, 219, 1085, 201, 1160, 201, 1160, 219

625, 224, 565, 224, 565, 205, 625, 205

1192, 217, 1165, 217, 1165, 205, 1192, 205

675, 243, 675, 225, 730, 225, 730, 243

650, 243, 650, 227, 670, 227, 670, 243

565, 247, 565, 229, 642, 229, 642, 247

611, 271, 611, 250, 692, 250, 692, 271

568, 271, 568, 252, 603, 252, 603, 271

593, 294, 593, 276, 633, 276, 633, 294

668, 315, 668, 294, 738, 294, 738, 315

637, 316, 637, 297, 661, 297, 661, 316

596, 313, 596, 302, 625, 302, 625, 313

