1033, 335, 1033, 310, 1060, 310, 1060, 335

1099, 333, 1066, 333, 1066, 310, 1099, 310

233, 360, 233, 340, 260, 340, 260, 360

1025, 365, 1025, 340, 1056, 340, 1056, 365

1110, 371, 1059, 371, 1059, 342, 1110, 342

1360, 421, 1287, 417, 1290, 373, 1363, 377

1363, 483, 1286, 472, 1292, 430, 1369, 441

1094, 481, 1025, 465, 1032, 436, 1101, 452

1078, 516, 1010, 496, 1018, 468, 1086, 488

1360, 531, 1282, 519, 1289, 475, 1367, 487

1089, 518, 1089, 492, 1110, 492, 1110, 518

1359, 575, 1284, 555, 1291, 530, 1365, 550

