816, 89, 802, 57, 894, 15, 908, 46

1082, 113, 1073, 77, 1142, 60, 1151, 95

1048, 117, 1048, 84, 1073, 84, 1073, 117

1001, 130, 1001, 90, 1043, 90, 1043, 130

1080, 152, 1072, 118, 1173, 94, 1181, 128

798, 155, 798, 120, 819, 120, 819, 155

1003, 169, 998, 134, 1072, 122, 1078, 157

1051, 244, 1048, 208, 1137, 200, 1140, 236

1145, 234, 1145, 203, 1190, 203, 1190, 234

997, 250, 994, 221, 1044, 216, 1047, 245

1180, 285, 1177, 246, 1335, 235, 1338, 273

1083, 286, 1081, 249, 1171, 244, 1173, 281

997, 289, 995, 256, 1077, 251, 1079, 284

950, 441, 794, 418, 808, 320, 965, 343

1143, 378, 1052, 370, 1055, 333, 1146, 341

999, 367, 999, 338, 1050, 338, 1050, 367

1167, 377, 1167, 357, 1211, 357, 1211, 377

1331, 391, 1234, 385, 1236, 356, 1332, 362

1022, 403, 1001, 403, 1001, 374, 1022, 374

1077, 414, 1020, 404, 1025, 371, 1083, 381

1174, 429, 1081, 419, 1085, 384, 1177, 394

1121, 541, 1004, 500, 1016, 466, 1133, 508

1304, 600, 1125, 540, 1136, 506, 1315, 566

