425, 215, 425, 193, 461, 193, 461, 215

395, 209, 395, 195, 422, 195, 422, 209

466, 219, 466, 195, 511, 195, 511, 219

584, 224, 514, 224, 514, 199, 584, 199

915, 241, 861, 237, 863, 219, 917, 223

1148, 258, 1047, 253, 1048, 236, 1149, 240

1171, 280, 1032, 273, 1033, 254, 1172, 261

132, 352, 132, 310, 157, 310, 157, 352

121, 489, 121, 406, 150, 406, 150, 489

1015, 442, 930, 442, 930, 423, 1015, 423

1020, 442, 1020, 423, 1082, 423, 1082, 442

496, 595, 496, 556, 584, 556, 584, 595

397, 591, 397, 558, 450, 558, 450, 591

455, 591, 455, 562, 493, 562, 493, 591

402, 617, 402, 603, 459, 603, 459, 617

523, 617, 462, 617, 462, 603, 523, 603

