1156, 435, 1155, 409, 1217, 406, 1219, 432

1089, 439, 1088, 415, 1151, 410, 1153, 434

1145, 461, 1145, 440, 1181, 440, 1181, 461

1257, 459, 1186, 459, 1186, 440, 1257, 440

1102, 461, 1102, 443, 1142, 443, 1142, 461

1066, 463, 1066, 445, 1099, 445, 1099, 463

1117, 499, 1117, 481, 1138, 481, 1138, 499

1169, 506, 1169, 481, 1250, 481, 1250, 506

1141, 501, 1141, 485, 1164, 485, 1164, 501

1128, 532, 1077, 528, 1079, 512, 1129, 517

1279, 538, 1160, 532, 1161, 518, 1280, 523

1179, 550, 1130, 550, 1130, 534, 1179, 534

1222, 555, 1186, 555, 1186, 539, 1222, 539

