1128, 415, 1126, 390, 1192, 384, 1194, 410

1061, 419, 1060, 393, 1122, 390, 1124, 416

1161, 439, 1161, 417, 1231, 417, 1231, 439

1117, 442, 1117, 421, 1153, 421, 1153, 442

1074, 442, 1074, 423, 1110, 423, 1110, 442

1035, 446, 1035, 425, 1069, 425, 1069, 446

1085, 484, 1085, 462, 1106, 462, 1106, 484

1137, 489, 1137, 462, 1222, 462, 1222, 489

1111, 484, 1111, 468, 1132, 468, 1132, 484

1097, 516, 1044, 516, 1044, 500, 1097, 500

1249, 523, 1127, 520, 1128, 504, 1250, 507

1148, 540, 1094, 534, 1096, 516, 1150, 523

1154, 542, 1154, 524, 1190, 524, 1190, 542

