395, 230, 395, 216, 422, 216, 422, 230

427, 241, 427, 216, 461, 216, 461, 241

508, 243, 462, 243, 462, 218, 508, 218

589, 249, 514, 246, 516, 221, 590, 224

917, 266, 864, 263, 865, 245, 918, 247

1150, 287, 1062, 280, 1064, 261, 1151, 267

1174, 309, 1033, 299, 1035, 279, 1176, 289

128, 380, 128, 338, 153, 338, 153, 380

144, 524, 114, 522, 119, 434, 149, 436

928, 474, 928, 455, 1015, 455, 1015, 474

1020, 476, 1020, 457, 1084, 457, 1084, 476

494, 632, 494, 592, 582, 592, 582, 632

393, 627, 393, 594, 446, 594, 446, 627

489, 629, 453, 629, 453, 598, 489, 598

397, 653, 397, 639, 457, 639, 457, 653

523, 653, 458, 653, 458, 639, 523, 639

