1150, 427, 1148, 403, 1207, 396, 1210, 421

1088, 432, 1085, 407, 1143, 402, 1145, 426

1178, 448, 1178, 428, 1244, 428, 1244, 448

1141, 450, 1141, 432, 1172, 432, 1172, 450

1098, 454, 1098, 434, 1134, 434, 1134, 454

1061, 456, 1061, 436, 1095, 436, 1095, 456

1158, 495, 1157, 470, 1234, 466, 1235, 492

1111, 489, 1111, 470, 1129, 470, 1129, 489

1118, 523, 1068, 519, 1070, 503, 1119, 507

1149, 523, 1149, 509, 1260, 509, 1260, 523

1166, 540, 1120, 540, 1120, 524, 1166, 524

1207, 540, 1173, 540, 1173, 526, 1207, 526

