995, 209, 967, 176, 1055, 100, 1083, 132

730, 155, 703, 155, 703, 141, 730, 141

645, 160, 645, 144, 670, 144, 670, 160

308, 219, 258, 182, 276, 157, 327, 194

764, 207, 638, 203, 639, 160, 765, 164

26, 228, 26, 195, 62, 195, 62, 228

648, 241, 645, 210, 765, 202, 767, 233

1258, 283, 1250, 273, 1281, 247, 1289, 257

650, 279, 650, 257, 694, 257, 694, 279

697, 305, 697, 282, 763, 282, 763, 305

645, 307, 645, 285, 694, 285, 694, 307

729, 343, 729, 312, 771, 312, 771, 343

647, 343, 645, 315, 723, 312, 724, 340

1310, 363, 1250, 345, 1257, 322, 1317, 340

