980, 225, 953, 190, 1051, 115, 1078, 150

654, 175, 654, 161, 677, 161, 677, 175

682, 175, 682, 161, 711, 161, 711, 175

623, 182, 620, 168, 648, 161, 651, 176

294, 238, 242, 202, 261, 176, 312, 212

616, 227, 616, 181, 742, 181, 742, 227

33, 249, 33, 216, 64, 216, 64, 249

626, 262, 624, 227, 745, 221, 746, 255

628, 298, 628, 276, 670, 276, 670, 298

675, 324, 675, 302, 739, 302, 739, 324

619, 326, 619, 304, 668, 304, 668, 326

748, 365, 702, 359, 706, 329, 751, 335

624, 363, 622, 336, 699, 332, 700, 359

