419, 230, 417, 207, 486, 201, 488, 223

376, 230, 376, 210, 418, 210, 418, 230

322, 238, 320, 216, 369, 211, 372, 232

645, 279, 643, 253, 721, 246, 723, 271

706, 295, 703, 269, 757, 264, 759, 289

621, 303, 620, 280, 699, 277, 700, 300

703, 318, 702, 295, 768, 293, 769, 315

618, 328, 615, 307, 697, 299, 699, 319

693, 344, 691, 323, 762, 316, 764, 338

652, 345, 652, 325, 689, 325, 689, 345

628, 348, 628, 331, 649, 331, 649, 348

693, 365, 693, 344, 739, 344, 739, 365

656, 365, 656, 351, 687, 351, 687, 365

