721, 210, 718, 186, 766, 182, 768, 206

645, 219, 643, 196, 714, 189, 717, 211

606, 224, 606, 201, 636, 201, 636, 224

581, 226, 581, 205, 603, 205, 603, 226

496, 241, 492, 217, 574, 204, 578, 229

423, 245, 421, 219, 490, 216, 492, 242

290, 265, 287, 236, 395, 224, 398, 253

227, 267, 225, 243, 284, 238, 286, 263

591, 290, 591, 257, 627, 257, 627, 290

500, 306, 494, 270, 579, 257, 584, 294

400, 314, 397, 273, 488, 265, 491, 306

561, 340, 556, 301, 705, 282, 710, 321

324, 375, 319, 331, 548, 306, 553, 350

266, 519, 263, 496, 456, 468, 460, 491

501, 482, 501, 472, 549, 472, 549, 482

