1298, 442, 1009, 421, 1013, 364, 1303, 386

1134, 466, 1005, 438, 1013, 403, 1142, 431

1292, 496, 1131, 473, 1138, 426, 1298, 449

1005, 463, 1005, 447, 1024, 447, 1024, 463

1066, 475, 1025, 465, 1030, 446, 1071, 457

1100, 483, 1072, 478, 1074, 460, 1103, 465

1161, 497, 1105, 484, 1109, 465, 1166, 478

1215, 509, 1166, 503, 1169, 480, 1218, 485

1283, 525, 1234, 514, 1240, 491, 1288, 503

1035, 558, 1000, 547, 1006, 530, 1040, 541

1068, 571, 1038, 561, 1044, 543, 1074, 553

1108, 584, 1069, 572, 1075, 553, 1113, 565

