396, 215, 392, 197, 419, 191, 423, 209

427, 222, 427, 197, 461, 197, 461, 222

464, 224, 464, 199, 508, 199, 508, 224

560, 228, 512, 228, 512, 203, 560, 203

563, 230, 563, 212, 584, 212, 584, 230

857, 243, 857, 225, 907, 225, 907, 243

1137, 262, 1047, 254, 1048, 235, 1139, 243

1161, 284, 1022, 277, 1023, 256, 1162, 263

154, 366, 128, 364, 131, 320, 157, 322

133, 512, 104, 507, 118, 417, 147, 421

998, 454, 913, 454, 913, 436, 998, 436

1003, 456, 1003, 436, 1067, 436, 1067, 456

473, 621, 473, 577, 560, 577, 560, 621

371, 617, 371, 581, 426, 581, 426, 617

434, 617, 434, 586, 470, 586, 470, 617

376, 644, 376, 628, 498, 628, 498, 644

554, 642, 531, 642, 531, 628, 554, 628

