786, 91, 771, 61, 869, 15, 883, 45

1053, 105, 1042, 73, 1112, 49, 1123, 81

1020, 108, 1020, 77, 1043, 77, 1043, 108

975, 125, 967, 93, 1014, 82, 1021, 113

1052, 144, 1043, 112, 1145, 82, 1155, 115

976, 163, 970, 129, 1044, 114, 1050, 149

772, 155, 772, 120, 793, 120, 793, 155

1126, 222, 1122, 191, 1167, 186, 1171, 217

1029, 233, 1025, 197, 1115, 187, 1119, 223

975, 243, 969, 214, 1022, 204, 1028, 232

1163, 267, 1159, 231, 1306, 216, 1310, 252

1063, 272, 1060, 235, 1154, 228, 1157, 265

975, 277, 972, 245, 1056, 239, 1059, 271

935, 425, 780, 412, 788, 313, 944, 326

1128, 363, 1035, 355, 1038, 319, 1131, 327

982, 354, 982, 325, 1032, 325, 1032, 354

1206, 366, 1138, 359, 1141, 332, 1209, 339

1331, 372, 1223, 367, 1225, 338, 1332, 343

986, 388, 986, 359, 1009, 359, 1009, 388

1066, 399, 1008, 392, 1012, 359, 1070, 367

1162, 410, 1069, 402, 1072, 369, 1165, 377

1051, 504, 992, 485, 1002, 453, 1060, 472

1115, 525, 1044, 501, 1054, 470, 1125, 493

1282, 575, 1118, 523, 1129, 490, 1292, 542

