1092, 237, 1092, 227, 1123, 227, 1123, 237

1115, 251, 1115, 240, 1144, 240, 1144, 251

792, 301, 792, 263, 963, 263, 963, 301

303, 339, 215, 327, 219, 297, 307, 309

878, 320, 878, 308, 914, 308, 914, 320

919, 320, 919, 310, 957, 310, 957, 320

65, 348, 65, 327, 112, 327, 112, 348

170, 350, 136, 350, 136, 334, 170, 334

844, 380, 844, 368, 871, 368, 871, 380

863, 401, 863, 389, 909, 389, 909, 401

936, 401, 936, 389, 987, 389, 987, 401

1100, 478, 1100, 423, 1293, 423, 1293, 478

1292, 513, 1101, 510, 1102, 479, 1293, 483

404, 512, 404, 498, 433, 498, 433, 512

395, 719, 219, 711, 220, 692, 396, 701

