69, 70, 69, 41, 131, 41, 131, 70

252, 87, 138, 76, 141, 42, 255, 53

436, 101, 336, 92, 339, 65, 438, 73

59, 99, 7, 94, 9, 73, 61, 78

156, 103, 64, 99, 65, 74, 158, 78

162, 102, 162, 88, 187, 88, 187, 102

86, 123, 57, 123, 57, 105, 86, 105

18, 119, 18, 107, 49, 107, 49, 119

165, 126, 90, 122, 91, 105, 166, 109

234, 128, 170, 125, 171, 111, 235, 114

284, 134, 242, 134, 242, 116, 284, 116

62, 138, 18, 138, 18, 124, 62, 124

93, 143, 93, 124, 120, 124, 120, 143

173, 147, 124, 144, 126, 127, 174, 130

177, 149, 177, 131, 237, 131, 237, 149

449, 156, 334, 148, 335, 132, 450, 139

861, 251, 861, 229, 935, 229, 935, 251

623, 397, 620, 361, 658, 358, 660, 394

