1211, 261, 1206, 233, 1311, 218, 1315, 245

1069, 278, 1066, 240, 1202, 228, 1205, 265

1014, 285, 1011, 249, 1060, 244, 1063, 281

1159, 321, 1155, 298, 1217, 289, 1220, 311

1066, 322, 1065, 304, 1152, 298, 1153, 316

1112, 349, 1112, 330, 1161, 330, 1161, 349

1083, 348, 1083, 334, 1108, 334, 1108, 348

1211, 354, 1169, 354, 1169, 334, 1211, 334

1046, 377, 1046, 366, 1097, 366, 1097, 377

1102, 382, 1102, 366, 1147, 366, 1147, 382

1179, 380, 1152, 380, 1152, 368, 1179, 368

1237, 382, 1184, 382, 1184, 368, 1237, 368

1314, 389, 1248, 385, 1249, 367, 1315, 370

1120, 449, 1067, 445, 1068, 430, 1121, 434

1126, 450, 1126, 436, 1181, 436, 1181, 450

1186, 454, 1186, 436, 1224, 436, 1224, 454

1230, 456, 1230, 438, 1259, 438, 1259, 456

