1210, 271, 1207, 244, 1309, 232, 1312, 259

1071, 287, 1068, 251, 1202, 240, 1205, 276

1015, 294, 1011, 260, 1062, 254, 1066, 288

1158, 327, 1156, 306, 1217, 300, 1219, 321

1066, 328, 1066, 310, 1151, 310, 1151, 328

1081, 356, 1081, 340, 1108, 340, 1108, 356

1113, 358, 1113, 340, 1162, 340, 1162, 358

1207, 360, 1169, 360, 1169, 342, 1207, 342

1046, 382, 1046, 372, 1095, 372, 1095, 382

1146, 388, 1099, 385, 1100, 370, 1147, 373

1177, 388, 1152, 388, 1152, 374, 1177, 374

1184, 388, 1184, 374, 1233, 374, 1233, 388

1307, 397, 1245, 391, 1247, 373, 1308, 378

1118, 451, 1034, 445, 1035, 430, 1119, 436

1177, 452, 1124, 452, 1124, 440, 1177, 440

1218, 456, 1184, 456, 1184, 440, 1218, 440

1252, 459, 1223, 459, 1223, 443, 1252, 443

