811, 51, 811, 33, 871, 33, 871, 51

934, 61, 871, 53, 874, 28, 937, 36

1054, 79, 942, 66, 945, 36, 1057, 49

780, 168, 759, 168, 759, 118, 780, 118

801, 170, 781, 169, 785, 116, 804, 118

851, 149, 815, 143, 820, 116, 856, 122

857, 155, 857, 124, 905, 124, 905, 155

948, 160, 910, 160, 910, 129, 948, 129

981, 164, 956, 164, 956, 137, 981, 137

847, 179, 810, 176, 812, 147, 849, 151

1094, 432, 976, 426, 977, 397, 1096, 402

1188, 435, 1102, 435, 1102, 406, 1188, 406

962, 491, 962, 440, 1354, 440, 1354, 491

1229, 527, 1229, 509, 1350, 509, 1350, 527

