1179, 87, 1168, 41, 1303, 7, 1314, 52

1314, 48, 1307, 23, 1362, 10, 1368, 34

749, 96, 749, 71, 802, 71, 802, 96

859, 97, 804, 91, 807, 69, 861, 75

983, 145, 975, 113, 1031, 99, 1039, 131

747, 125, 747, 107, 787, 107, 787, 125

792, 123, 792, 107, 836, 107, 836, 123

710, 130, 710, 109, 741, 109, 741, 130

781, 145, 781, 126, 834, 126, 834, 145

1156, 185, 1151, 157, 1227, 144, 1232, 172

807, 228, 807, 199, 866, 199, 866, 228

736, 230, 736, 203, 802, 203, 802, 230

813, 307, 811, 281, 867, 277, 869, 303

745, 317, 741, 290, 794, 283, 797, 310

771, 382, 769, 364, 857, 355, 858, 373

751, 404, 750, 385, 867, 375, 869, 394

