440, 224, 440, 199, 474, 199, 474, 224

519, 226, 477, 226, 477, 201, 519, 201

594, 233, 525, 227, 527, 202, 596, 207

913, 251, 862, 248, 863, 230, 914, 233

1135, 272, 1047, 267, 1048, 248, 1136, 253

1159, 296, 1023, 284, 1025, 264, 1161, 276

138, 363, 138, 317, 163, 317, 163, 363

140, 502, 111, 498, 124, 411, 153, 415

934, 456, 934, 438, 998, 438, 998, 456

1065, 459, 1003, 459, 1003, 440, 1065, 440

481, 614, 481, 573, 567, 573, 567, 614

380, 610, 380, 575, 435, 575, 435, 610

438, 610, 438, 579, 476, 579, 476, 610

382, 636, 382, 620, 439, 620, 439, 636

445, 636, 445, 620, 506, 620, 506, 636

