1103, 117, 1077, 89, 1130, 41, 1156, 70

603, 99, 603, 79, 669, 79, 669, 99

535, 114, 531, 91, 598, 80, 601, 103

277, 226, 202, 204, 213, 168, 287, 190

53, 223, 49, 195, 110, 187, 113, 214

1161, 232, 1161, 212, 1194, 212, 1194, 232

615, 249, 615, 220, 685, 220, 685, 249

552, 259, 549, 230, 609, 223, 612, 252

1256, 285, 1250, 251, 1304, 242, 1310, 276

58, 302, 55, 284, 113, 277, 115, 296

630, 357, 628, 331, 693, 327, 695, 353

569, 366, 565, 342, 619, 334, 622, 359

1273, 399, 1273, 368, 1328, 368, 1328, 399

