688, 199, 684, 175, 732, 168, 735, 193

615, 212, 611, 187, 681, 176, 685, 201

578, 215, 578, 193, 603, 193, 603, 215

552, 219, 552, 199, 573, 199, 573, 219

474, 239, 469, 213, 546, 197, 551, 223

403, 245, 400, 218, 466, 212, 469, 239

279, 269, 275, 238, 377, 223, 382, 253

219, 274, 216, 248, 272, 241, 276, 267

565, 286, 565, 255, 599, 255, 599, 286

478, 306, 471, 269, 549, 255, 556, 291

385, 318, 378, 274, 463, 261, 470, 304

537, 340, 531, 300, 672, 277, 679, 317

312, 383, 305, 338, 524, 305, 531, 350

488, 494, 486, 479, 535, 475, 536, 489

259, 534, 255, 511, 438, 477, 443, 500

