1202, 245, 1199, 219, 1304, 205, 1307, 232

1058, 264, 1055, 226, 1193, 214, 1196, 251

1003, 271, 1000, 235, 1049, 231, 1052, 267

1152, 306, 1149, 284, 1211, 276, 1213, 298

1057, 307, 1056, 290, 1143, 285, 1144, 302

1107, 337, 1107, 317, 1155, 317, 1155, 337

1074, 335, 1074, 319, 1101, 319, 1101, 335

1163, 337, 1163, 319, 1205, 319, 1205, 337

1094, 367, 1094, 351, 1142, 351, 1142, 367

1038, 363, 1038, 353, 1086, 353, 1086, 363

1172, 367, 1148, 367, 1148, 353, 1172, 353

1236, 369, 1179, 366, 1180, 352, 1237, 356

1309, 373, 1246, 370, 1247, 353, 1310, 356

1033, 429, 1033, 417, 1063, 417, 1063, 429

1115, 433, 1063, 430, 1064, 415, 1116, 418

1122, 435, 1122, 421, 1177, 421, 1177, 435

1221, 440, 1182, 437, 1184, 420, 1222, 423

1227, 439, 1227, 423, 1254, 423, 1254, 439

