1145, 292, 1145, 272, 1175, 272, 1175, 292

1234, 348, 1234, 314, 1321, 314, 1321, 348

1178, 424, 1178, 393, 1209, 393, 1209, 424

1248, 409, 1217, 409, 1217, 393, 1248, 393

1288, 416, 1251, 413, 1253, 395, 1290, 398

1317, 418, 1296, 418, 1296, 402, 1317, 402

1212, 431, 1212, 413, 1244, 413, 1244, 431

1249, 435, 1249, 417, 1285, 417, 1285, 435

1292, 435, 1292, 421, 1315, 421, 1315, 435

1206, 457, 1171, 453, 1173, 430, 1208, 434

1265, 468, 1209, 460, 1213, 434, 1269, 442

1314, 472, 1273, 468, 1275, 445, 1316, 449

