154, 112, 116, 98, 127, 65, 166, 79

232, 150, 152, 112, 165, 84, 245, 121

369, 216, 238, 154, 251, 127, 382, 189

1046, 155, 1046, 137, 1075, 137, 1075, 155

999, 192, 997, 177, 1064, 168, 1066, 184

1065, 184, 1065, 170, 1120, 170, 1120, 184

999, 210, 998, 194, 1131, 185, 1132, 201

1053, 239, 1053, 223, 1114, 223, 1114, 239

999, 245, 997, 230, 1044, 224, 1046, 238

1003, 330, 1001, 315, 1042, 308, 1044, 323

1048, 324, 1048, 310, 1103, 310, 1103, 324

1035, 343, 1035, 331, 1114, 331, 1114, 343

492, 371, 492, 336, 795, 336, 795, 371

546, 496, 510, 492, 512, 476, 547, 479

