104, 93, 104, 60, 163, 60, 163, 93

283, 106, 173, 99, 175, 66, 285, 73

462, 121, 365, 116, 367, 87, 464, 92

93, 121, 44, 116, 46, 96, 95, 101

188, 128, 98, 119, 100, 96, 190, 105

195, 125, 195, 107, 217, 107, 217, 125

89, 145, 89, 126, 118, 126, 118, 145

50, 143, 50, 129, 84, 129, 84, 143

197, 148, 125, 144, 126, 129, 198, 132

264, 153, 200, 149, 201, 132, 265, 136

311, 159, 269, 153, 272, 134, 313, 140

50, 162, 50, 148, 99, 148, 99, 162

126, 166, 126, 148, 153, 148, 153, 166

158, 168, 158, 150, 204, 150, 204, 168

266, 172, 209, 168, 210, 152, 267, 156

475, 180, 361, 171, 363, 154, 476, 163

941, 275, 871, 272, 872, 248, 942, 252

637, 414, 637, 381, 672, 381, 672, 414

