139, 64, 123, 49, 167, 2, 183, 17

280, 57, 267, 45, 300, 6, 313, 18

71, 138, 53, 121, 121, 50, 138, 66

550, 102, 546, 80, 597, 72, 601, 94

19, 196, 1, 178, 52, 127, 70, 145

182, 197, 165, 180, 188, 157, 205, 174

277, 312, 258, 194, 405, 171, 424, 289

785, 193, 784, 182, 811, 179, 812, 191

729, 199, 728, 186, 779, 181, 780, 194

138, 262, 116, 247, 160, 185, 182, 201

570, 241, 570, 218, 620, 218, 620, 241

818, 294, 818, 282, 845, 282, 845, 294

390, 335, 382, 317, 406, 306, 414, 324

585, 341, 585, 317, 636, 317, 636, 341

359, 346, 353, 329, 381, 319, 387, 336

317, 365, 309, 348, 351, 331, 358, 348

392, 356, 385, 342, 405, 331, 413, 346

363, 365, 363, 344, 383, 344, 383, 365

343, 375, 343, 355, 362, 355, 362, 375

387, 381, 378, 369, 402, 352, 411, 365

323, 387, 319, 367, 339, 363, 343, 383

333, 409, 325, 393, 376, 367, 384, 383

300, 399, 292, 382, 316, 371, 323, 389

596, 421, 594, 398, 648, 395, 649, 417

759, 422, 759, 410, 812, 410, 812, 422

407, 534, 392, 517, 459, 461, 473, 478

315, 615, 297, 592, 392, 518, 409, 541

680, 642, 680, 626, 709, 626, 709, 642

449, 785, 410, 761, 463, 674, 502, 698

406, 764, 391, 749, 413, 728, 428, 743

380, 781, 371, 764, 393, 753, 402, 770

473, 780, 466, 755, 484, 750, 490, 775

