1203, 264, 1199, 239, 1300, 224, 1303, 249

1063, 281, 1060, 247, 1193, 235, 1196, 269

1007, 288, 1007, 252, 1056, 252, 1056, 288

1152, 320, 1149, 299, 1209, 291, 1212, 312

1061, 322, 1060, 306, 1143, 300, 1144, 316

1076, 348, 1076, 331, 1101, 331, 1101, 348

1109, 348, 1109, 331, 1155, 331, 1155, 348

1163, 350, 1163, 331, 1203, 331, 1203, 350

1098, 377, 1098, 364, 1142, 364, 1142, 377

1172, 377, 1148, 377, 1148, 364, 1172, 364

1305, 384, 1244, 381, 1245, 363, 1306, 367

1229, 377, 1178, 377, 1178, 366, 1229, 366

1115, 439, 1065, 436, 1066, 423, 1116, 425

1175, 442, 1124, 442, 1124, 428, 1175, 428

1180, 444, 1180, 428, 1216, 428, 1216, 444

1223, 446, 1223, 430, 1250, 430, 1250, 446

