813, 264, 813, 242, 851, 242, 851, 264

1099, 300, 1090, 269, 1177, 244, 1186, 274

951, 291, 949, 276, 982, 272, 984, 288

199, 344, 197, 285, 326, 279, 329, 338

462, 357, 322, 337, 331, 277, 471, 297

1016, 322, 1009, 301, 1067, 281, 1074, 303

800, 323, 798, 308, 844, 303, 846, 318

1112, 383, 1108, 351, 1198, 341, 1201, 373

82, 373, 82, 357, 103, 357, 103, 373

104, 374, 103, 359, 143, 356, 144, 371

1122, 439, 1122, 408, 1211, 408, 1211, 439

1029, 442, 1029, 415, 1116, 415, 1116, 442

1219, 493, 1127, 490, 1128, 461, 1220, 464

