436, 202, 435, 182, 503, 179, 504, 200

339, 204, 339, 184, 388, 184, 388, 204

433, 202, 393, 202, 393, 184, 433, 184

658, 262, 658, 238, 735, 238, 735, 262

719, 281, 719, 257, 771, 257, 771, 281

637, 286, 637, 265, 713, 265, 713, 286

719, 307, 718, 285, 779, 283, 780, 304

630, 309, 629, 290, 710, 286, 711, 305

667, 330, 667, 310, 702, 310, 702, 330

706, 328, 706, 310, 776, 310, 776, 328

639, 330, 639, 312, 661, 312, 661, 330

703, 350, 703, 331, 754, 331, 754, 350

669, 348, 669, 336, 698, 336, 698, 348

