1048, 326, 1048, 302, 1084, 302, 1084, 326

1016, 328, 1016, 304, 1043, 304, 1043, 328

220, 345, 220, 327, 243, 327, 243, 345

1005, 358, 1005, 331, 1039, 331, 1039, 358

1093, 366, 1038, 358, 1042, 330, 1097, 338

1359, 418, 1278, 412, 1281, 366, 1362, 372

1361, 482, 1280, 466, 1287, 425, 1369, 441

1082, 474, 1010, 457, 1017, 429, 1088, 445

1065, 510, 994, 489, 1002, 461, 1074, 482

1361, 530, 1277, 518, 1284, 472, 1368, 484

1074, 514, 1074, 485, 1097, 485, 1097, 514

1363, 575, 1282, 553, 1289, 529, 1369, 550

