1091, 155, 1068, 115, 1143, 72, 1166, 113

601, 136, 601, 118, 663, 118, 663, 136

548, 147, 545, 125, 597, 116, 601, 139

272, 255, 202, 235, 212, 199, 282, 219

54, 251, 51, 226, 110, 218, 113, 244

1169, 260, 1168, 246, 1199, 243, 1201, 257

609, 277, 609, 250, 677, 250, 677, 277

546, 287, 543, 259, 602, 253, 605, 280

1266, 314, 1261, 279, 1316, 271, 1322, 305

54, 326, 52, 308, 108, 303, 110, 322

619, 382, 617, 357, 682, 352, 684, 377

556, 389, 553, 367, 609, 359, 613, 381

1279, 427, 1279, 396, 1336, 396, 1336, 427

