281, 138, 53, 121, 57, 69, 285, 85

78, 155, 78, 131, 137, 131, 137, 155

283, 168, 145, 159, 147, 131, 284, 141

300, 428, 296, 385, 472, 370, 476, 413

42, 462, 37, 415, 289, 386, 294, 433

429, 446, 425, 429, 470, 419, 473, 437

356, 459, 354, 432, 419, 427, 421, 455

309, 467, 309, 436, 351, 436, 351, 467

228, 481, 224, 451, 303, 442, 307, 471

170, 489, 165, 460, 214, 452, 219, 480

100, 498, 97, 468, 162, 463, 165, 493

427, 480, 427, 466, 465, 466, 465, 480

376, 492, 372, 475, 416, 465, 420, 482

39, 508, 37, 477, 92, 473, 94, 505

438, 543, 435, 528, 480, 520, 482, 535

352, 561, 350, 548, 401, 539, 403, 552

