1324, 45, 1319, 19, 1377, 8, 1379, 34

1186, 87, 1174, 43, 1314, 6, 1325, 51

747, 104, 747, 82, 799, 82, 799, 104

858, 104, 803, 99, 805, 78, 860, 83

983, 149, 974, 118, 1033, 101, 1042, 132

744, 134, 744, 116, 784, 116, 784, 134

790, 130, 790, 116, 823, 116, 823, 130

708, 138, 708, 118, 741, 118, 741, 138

779, 151, 779, 135, 832, 135, 832, 151

1165, 185, 1159, 156, 1237, 140, 1242, 169

807, 233, 805, 204, 864, 201, 866, 229

734, 234, 734, 208, 802, 208, 802, 234

813, 309, 811, 283, 867, 280, 869, 306

743, 320, 738, 295, 792, 285, 796, 310

768, 384, 766, 366, 855, 358, 857, 376

751, 406, 750, 387, 867, 377, 869, 396

