135, 106, 97, 91, 109, 59, 147, 74

216, 145, 135, 107, 148, 80, 229, 118

356, 215, 223, 153, 235, 126, 368, 187

986, 203, 984, 188, 1049, 181, 1051, 197

1108, 200, 1055, 200, 1055, 186, 1108, 186

984, 223, 983, 207, 1058, 199, 1060, 215

1061, 215, 1061, 205, 1114, 205, 1114, 215

1040, 251, 1040, 235, 1099, 235, 1099, 251

988, 255, 986, 242, 1031, 234, 1033, 247

990, 338, 988, 324, 1029, 319, 1031, 334

1033, 337, 1033, 321, 1088, 321, 1088, 337

781, 373, 480, 370, 481, 335, 782, 339

1014, 354, 1014, 340, 1099, 340, 1099, 354

535, 493, 499, 490, 501, 473, 537, 477

