725, 38, 725, 26, 754, 26, 754, 38

300, 73, 284, 61, 314, 20, 330, 31

160, 85, 145, 70, 191, 25, 205, 39

437, 125, 423, 118, 461, 42, 475, 49

559, 100, 556, 79, 608, 69, 612, 90

93, 162, 76, 147, 143, 74, 159, 89

39, 221, 22, 205, 73, 150, 90, 166

790, 177, 788, 166, 820, 163, 821, 174

738, 186, 736, 173, 786, 165, 788, 178

196, 213, 180, 197, 205, 172, 221, 188

285, 317, 264, 207, 414, 178, 435, 288

152, 280, 131, 266, 176, 200, 197, 214

574, 239, 571, 217, 624, 208, 627, 231

818, 277, 818, 265, 847, 265, 847, 277

585, 335, 583, 310, 635, 306, 637, 331

394, 338, 384, 322, 408, 308, 417, 325

364, 350, 356, 335, 383, 321, 391, 337

391, 357, 388, 339, 412, 335, 415, 353

320, 372, 312, 356, 352, 335, 360, 351

351, 381, 343, 365, 382, 344, 390, 359

388, 380, 381, 370, 402, 357, 409, 367

326, 390, 326, 370, 344, 370, 344, 390

335, 412, 328, 398, 377, 370, 384, 384

301, 403, 293, 387, 318, 376, 325, 392

593, 412, 591, 391, 643, 385, 645, 406

755, 407, 754, 394, 807, 392, 808, 404

401, 531, 387, 515, 456, 457, 470, 473

309, 613, 292, 592, 386, 515, 403, 536

670, 651, 666, 611, 695, 608, 699, 648

671, 673, 670, 660, 699, 657, 701, 670

441, 757, 409, 732, 459, 668, 491, 693

466, 768, 450, 760, 476, 712, 492, 720

384, 758, 384, 722, 405, 722, 405, 758

363, 773, 363, 750, 381, 750, 381, 773

