1156, 194, 1156, 137, 1194, 137, 1194, 194

1040, 227, 1028, 181, 1142, 150, 1155, 196

999, 237, 990, 193, 1028, 185, 1037, 229

1186, 247, 1186, 188, 1235, 188, 1235, 247

1041, 281, 1030, 230, 1174, 199, 1185, 249

990, 286, 983, 242, 1028, 235, 1035, 279

1074, 324, 1067, 274, 1201, 257, 1208, 307

1018, 328, 1014, 283, 1064, 278, 1068, 324

1135, 356, 1133, 325, 1192, 322, 1194, 353

1109, 356, 1109, 331, 1129, 331, 1129, 356

1150, 386, 1150, 355, 1265, 355, 1265, 386

1113, 388, 1113, 361, 1147, 361, 1147, 388

