189, 101, 28, 20, 47, 0, 208, 63

917, 125, 917, 69, 953, 69, 953, 125

849, 166, 829, 129, 909, 87, 929, 124

1066, 228, 1066, 188, 1108, 188, 1108, 228

363, 230, 363, 212, 403, 212, 403, 230

311, 230, 311, 214, 357, 214, 357, 230

266, 232, 266, 216, 306, 216, 306, 232

1108, 247, 1070, 247, 1070, 229, 1108, 229

275, 251, 273, 234, 307, 230, 309, 247

398, 247, 313, 247, 313, 233, 398, 233

328, 273, 328, 255, 394, 255, 394, 273

285, 275, 285, 259, 325, 259, 325, 275

322, 294, 321, 278, 404, 275, 405, 292

274, 294, 274, 278, 319, 278, 319, 294

341, 316, 341, 302, 390, 302, 390, 316

270, 320, 270, 304, 338, 304, 338, 320

138, 322, 138, 312, 185, 312, 185, 322

339, 337, 339, 321, 381, 321, 381, 337

334, 339, 281, 339, 281, 323, 334, 323

203, 365, 203, 342, 224, 342, 224, 365

175, 371, 175, 344, 198, 344, 198, 371

324, 367, 324, 346, 368, 346, 368, 367

141, 375, 141, 349, 170, 349, 170, 375

264, 370, 263, 352, 318, 349, 319, 366

