1120, 243, 1120, 231, 1149, 231, 1149, 243

807, 292, 807, 255, 974, 255, 974, 292

313, 332, 226, 325, 228, 293, 316, 299

976, 309, 928, 309, 928, 299, 976, 299

1010, 356, 1010, 310, 1032, 310, 1032, 356

74, 343, 74, 329, 112, 329, 112, 343

877, 371, 850, 371, 850, 359, 877, 359

872, 390, 872, 378, 914, 378, 914, 390

811, 420, 811, 406, 849, 406, 849, 420

1094, 461, 1094, 410, 1276, 410, 1276, 461

1094, 495, 1094, 466, 1276, 466, 1276, 495

402, 510, 402, 494, 431, 494, 431, 510

374, 719, 198, 716, 199, 698, 375, 701

