1174, 99, 1160, 54, 1302, 13, 1315, 58

1316, 56, 1312, 29, 1368, 20, 1372, 47

731, 108, 730, 86, 783, 83, 784, 105

842, 108, 788, 105, 790, 83, 844, 86

970, 154, 962, 124, 1020, 109, 1028, 140

777, 134, 777, 118, 810, 118, 810, 134

771, 138, 729, 138, 729, 120, 771, 120

693, 140, 693, 122, 726, 122, 726, 140

1195, 147, 1195, 129, 1231, 129, 1231, 147

764, 155, 764, 139, 817, 139, 817, 155

1153, 191, 1148, 164, 1227, 151, 1231, 179

792, 234, 792, 205, 851, 205, 851, 234

721, 238, 719, 212, 788, 208, 790, 233

800, 309, 800, 285, 856, 285, 856, 309

730, 321, 726, 296, 779, 287, 783, 312

755, 384, 754, 364, 844, 360, 845, 379

738, 405, 737, 387, 857, 379, 858, 397

