1173, 107, 1162, 62, 1287, 30, 1299, 76

1299, 72, 1295, 46, 1345, 37, 1349, 64

762, 104, 762, 82, 815, 82, 815, 104

867, 108, 816, 104, 818, 82, 869, 86

762, 134, 762, 116, 799, 116, 799, 134

725, 138, 725, 118, 756, 118, 756, 138

836, 134, 807, 134, 807, 118, 836, 118

988, 159, 981, 128, 1036, 115, 1043, 145

794, 154, 794, 138, 845, 138, 845, 154

1157, 202, 1152, 174, 1223, 161, 1229, 189

752, 237, 752, 210, 816, 210, 816, 237

822, 237, 822, 210, 879, 210, 879, 237

831, 313, 831, 289, 886, 289, 886, 313

763, 323, 760, 297, 813, 290, 817, 316

790, 386, 789, 369, 874, 367, 875, 383

775, 410, 774, 393, 887, 385, 888, 403

