901, 61, 838, 54, 841, 30, 903, 37

832, 53, 785, 53, 785, 35, 832, 35

1022, 73, 908, 64, 911, 35, 1024, 44

714, 166, 714, 118, 748, 118, 748, 166

751, 168, 751, 118, 771, 118, 771, 168

817, 147, 787, 143, 790, 119, 820, 122

873, 151, 822, 151, 822, 122, 873, 122

916, 155, 878, 155, 878, 126, 916, 126

921, 158, 921, 131, 948, 131, 948, 158

779, 175, 779, 148, 815, 148, 815, 175

1074, 420, 950, 417, 951, 387, 1075, 390

1169, 425, 1079, 419, 1081, 392, 1171, 398

936, 480, 936, 428, 1351, 428, 1351, 480

1348, 518, 1218, 515, 1219, 496, 1349, 499

