1114, 121, 1091, 85, 1156, 42, 1180, 78

615, 125, 614, 102, 682, 100, 683, 122

565, 136, 561, 113, 609, 103, 613, 126

281, 261, 210, 240, 221, 203, 291, 224

1173, 234, 1173, 218, 1205, 218, 1205, 234

59, 262, 56, 236, 116, 228, 120, 254

619, 274, 616, 246, 686, 240, 688, 268

1267, 286, 1260, 252, 1316, 242, 1322, 275

557, 282, 554, 254, 613, 246, 617, 274

61, 341, 59, 323, 117, 317, 119, 335

627, 378, 624, 354, 692, 346, 695, 371

566, 389, 561, 366, 609, 356, 614, 380

1275, 399, 1275, 368, 1330, 368, 1330, 399

