430, 64, 420, 33, 453, 22, 464, 53

866, 192, 518, 121, 533, 48, 881, 119

176, 89, 136, 89, 136, 69, 176, 69

91, 93, 91, 71, 133, 71, 133, 93

18, 102, 16, 77, 80, 74, 82, 99

126, 117, 126, 97, 163, 97, 163, 117

89, 121, 89, 99, 118, 99, 118, 121

35, 121, 35, 107, 62, 107, 62, 121

1081, 213, 1081, 201, 1121, 201, 1121, 213

1079, 234, 1077, 216, 1143, 209, 1145, 227

1094, 246, 1092, 232, 1176, 224, 1177, 237

1068, 264, 1068, 250, 1103, 250, 1103, 264

1076, 277, 1076, 263, 1123, 263, 1123, 277

1126, 356, 1126, 340, 1177, 340, 1177, 356

1068, 358, 1068, 342, 1121, 342, 1121, 358

1070, 405, 1070, 391, 1140, 391, 1140, 405

1085, 437, 1085, 423, 1127, 423, 1127, 437

