169, 107, 134, 97, 144, 63, 179, 73

243, 145, 168, 108, 181, 80, 257, 116

374, 210, 249, 149, 263, 122, 388, 183

979, 185, 977, 170, 1042, 161, 1044, 176

1103, 177, 1046, 177, 1046, 163, 1103, 163

984, 201, 983, 184, 1109, 177, 1110, 193

1033, 230, 1033, 216, 1095, 216, 1095, 230

982, 236, 980, 222, 1024, 214, 1026, 228

988, 322, 985, 306, 1026, 300, 1029, 315

1033, 316, 1033, 302, 1086, 302, 1086, 316

1029, 335, 1029, 321, 1097, 321, 1097, 335

496, 364, 495, 329, 786, 325, 787, 360

514, 486, 514, 470, 547, 470, 547, 486

