430, 226, 430, 201, 463, 201, 463, 226

512, 233, 465, 229, 468, 202, 515, 205

520, 234, 520, 212, 590, 212, 590, 234

911, 261, 860, 258, 861, 241, 912, 244

1133, 284, 1047, 278, 1048, 260, 1134, 266

1156, 308, 1021, 296, 1023, 277, 1158, 289

138, 358, 138, 314, 161, 314, 161, 358

155, 494, 126, 492, 132, 407, 161, 409

921, 461, 921, 443, 1002, 443, 1002, 461

1067, 465, 1007, 465, 1007, 447, 1067, 447

402, 600, 402, 566, 454, 566, 454, 600

503, 606, 503, 566, 586, 566, 586, 606

460, 600, 460, 571, 498, 571, 498, 600

406, 622, 406, 608, 465, 608, 465, 622

521, 625, 466, 625, 466, 611, 521, 611

