1289, 456, 1007, 435, 1011, 379, 1293, 400

1126, 482, 1001, 455, 1009, 418, 1134, 445

1276, 510, 1121, 483, 1130, 436, 1284, 463

1018, 481, 997, 477, 1000, 460, 1021, 464

1059, 491, 1016, 481, 1020, 463, 1063, 473

1066, 497, 1066, 477, 1093, 477, 1093, 497

1148, 512, 1096, 499, 1100, 480, 1153, 493

1202, 523, 1155, 519, 1158, 496, 1205, 500

1264, 539, 1219, 528, 1224, 505, 1270, 517

1023, 573, 991, 563, 997, 546, 1028, 556

1055, 586, 1024, 573, 1031, 556, 1062, 569

1092, 599, 1056, 587, 1062, 569, 1098, 581

