695, 203, 691, 179, 738, 171, 741, 195

621, 214, 617, 189, 688, 179, 691, 204

585, 219, 582, 197, 609, 194, 612, 216

559, 222, 559, 203, 580, 203, 580, 222

479, 241, 475, 215, 553, 201, 558, 226

408, 247, 406, 219, 473, 214, 475, 242

286, 270, 281, 239, 382, 226, 386, 256

225, 275, 221, 249, 281, 242, 284, 268

482, 309, 474, 272, 556, 256, 564, 293

570, 288, 570, 257, 603, 257, 603, 288

387, 319, 382, 277, 471, 267, 475, 309

540, 343, 534, 303, 677, 280, 683, 320

316, 385, 309, 339, 528, 307, 535, 353

464, 502, 462, 483, 535, 475, 537, 494

262, 535, 257, 511, 440, 479, 444, 503

