1084, 316, 1048, 316, 1048, 291, 1084, 291

1018, 316, 1018, 293, 1045, 293, 1045, 316

1007, 345, 1007, 321, 1039, 321, 1039, 345

1095, 351, 1042, 347, 1044, 320, 1097, 323

250, 356, 225, 356, 225, 340, 250, 340

1352, 395, 1276, 390, 1279, 347, 1355, 352

1352, 455, 1274, 443, 1280, 403, 1358, 415

1079, 456, 1011, 443, 1016, 415, 1085, 428

1063, 492, 995, 475, 1001, 447, 1070, 464

1352, 505, 1269, 489, 1277, 446, 1360, 461

1095, 495, 1074, 495, 1074, 466, 1095, 466

1349, 545, 1274, 527, 1279, 503, 1355, 520

