326, 58, 166, 52, 167, 21, 327, 27

474, 87, 470, 69, 518, 57, 522, 75

189, 114, 189, 91, 266, 91, 266, 114

281, 108, 281, 92, 321, 92, 321, 108

518, 138, 518, 120, 541, 120, 541, 138

474, 236, 471, 206, 523, 200, 527, 230

397, 243, 394, 213, 469, 207, 472, 236

427, 271, 427, 259, 476, 259, 476, 271

397, 273, 397, 261, 424, 261, 424, 273

695, 308, 689, 285, 754, 268, 760, 290

395, 288, 395, 276, 422, 276, 422, 288

307, 306, 304, 289, 347, 281, 350, 297

238, 317, 235, 300, 294, 289, 297, 306

