835, 90, 822, 60, 916, 19, 928, 50

1085, 112, 1075, 82, 1140, 60, 1150, 91

1057, 117, 1057, 86, 1078, 86, 1078, 117

1015, 131, 1004, 103, 1049, 86, 1059, 115

1088, 154, 1077, 123, 1168, 92, 1179, 124

820, 149, 820, 120, 840, 120, 840, 149

1015, 166, 1008, 133, 1077, 118, 1084, 151

1064, 234, 1060, 200, 1143, 192, 1146, 226

1152, 226, 1149, 197, 1191, 193, 1194, 222

1014, 241, 1011, 212, 1057, 207, 1060, 236

1186, 270, 1183, 234, 1329, 222, 1332, 258

1096, 273, 1093, 238, 1178, 232, 1181, 267

1014, 277, 1011, 245, 1090, 239, 1092, 271

975, 427, 822, 406, 834, 312, 988, 333

1156, 361, 1070, 353, 1074, 317, 1159, 325

1020, 350, 1020, 323, 1067, 323, 1067, 350

1220, 363, 1168, 352, 1173, 330, 1224, 341

1314, 365, 1246, 362, 1247, 338, 1315, 341

1025, 384, 1025, 357, 1043, 357, 1043, 384

1100, 396, 1043, 387, 1048, 355, 1105, 364

1189, 406, 1104, 398, 1107, 365, 1192, 372

1146, 516, 1025, 478, 1035, 447, 1156, 485

1321, 565, 1152, 517, 1161, 483, 1330, 531

