775, 403, 775, 366, 793, 366, 793, 403

867, 390, 867, 368, 892, 368, 892, 390

837, 386, 837, 370, 860, 370, 860, 386

860, 414, 837, 414, 837, 389, 860, 389

673, 454, 661, 398, 681, 394, 693, 450

867, 412, 867, 398, 892, 398, 892, 412

443, 437, 419, 429, 427, 402, 451, 409

483, 517, 458, 509, 482, 436, 507, 444

416, 524, 365, 504, 396, 427, 447, 447

861, 501, 861, 475, 875, 475, 875, 501

893, 527, 893, 479, 920, 479, 920, 527

854, 533, 854, 507, 875, 507, 875, 533

493, 648, 398, 634, 406, 584, 501, 598

936, 732, 936, 716, 989, 716, 989, 732

857, 743, 855, 724, 930, 717, 932, 736

492, 745, 492, 729, 547, 729, 547, 745

945, 777, 945, 759, 981, 759, 981, 777

