943, 60, 821, 41, 825, 15, 947, 34

1062, 78, 952, 63, 956, 33, 1066, 48

767, 149, 757, 149, 757, 118, 767, 118

789, 145, 770, 145, 770, 118, 789, 118

826, 145, 826, 118, 860, 118, 860, 145

865, 155, 865, 122, 914, 122, 914, 155

919, 160, 919, 126, 957, 126, 957, 160

962, 164, 962, 133, 989, 133, 989, 164

801, 166, 790, 164, 795, 135, 806, 137

855, 178, 818, 174, 821, 145, 858, 149

1097, 437, 980, 429, 982, 400, 1099, 408

1187, 443, 1101, 435, 1104, 407, 1190, 415

1350, 502, 963, 491, 964, 439, 1351, 450

1230, 535, 1230, 517, 1349, 517, 1349, 535

