1104, 302, 1093, 271, 1183, 242, 1193, 273

816, 275, 816, 250, 853, 250, 853, 275

990, 290, 990, 276, 1019, 276, 1019, 290

949, 297, 947, 280, 985, 276, 987, 293

1018, 326, 1011, 304, 1065, 286, 1072, 308

462, 380, 198, 370, 200, 301, 464, 311

801, 335, 798, 321, 844, 312, 846, 326

1114, 387, 1109, 356, 1199, 342, 1204, 373

80, 403, 80, 389, 142, 389, 142, 403

384, 422, 384, 406, 413, 406, 413, 422

1122, 446, 1120, 414, 1209, 406, 1212, 438

1031, 446, 1031, 421, 1108, 421, 1108, 446

1217, 495, 1125, 492, 1126, 463, 1218, 466

1048, 484, 1048, 470, 1101, 470, 1101, 484

