727, 138, 727, 103, 754, 103, 754, 138

697, 155, 697, 118, 724, 118, 724, 155

643, 258, 635, 209, 726, 194, 735, 242

576, 277, 566, 228, 635, 213, 645, 261

1080, 250, 1077, 230, 1124, 224, 1127, 244

1074, 290, 1070, 256, 1141, 247, 1145, 281

1223, 284, 1223, 272, 1257, 272, 1257, 284

995, 307, 995, 295, 1024, 295, 1024, 307

619, 313, 618, 299, 676, 296, 677, 310

1056, 334, 1056, 313, 1182, 313, 1182, 334

1079, 356, 1078, 340, 1143, 336, 1144, 353

1059, 377, 1059, 361, 1084, 361, 1084, 377

1146, 377, 1103, 374, 1104, 359, 1147, 362

358, 399, 358, 378, 401, 378, 401, 399

