1290, 146, 1288, 131, 1318, 128, 1320, 143

1079, 166, 1079, 154, 1108, 154, 1108, 166

496, 177, 496, 161, 521, 161, 521, 177

464, 179, 464, 165, 491, 165, 491, 179

440, 183, 440, 167, 461, 167, 461, 183

1094, 177, 1094, 167, 1129, 167, 1129, 177

1064, 183, 1064, 169, 1088, 169, 1088, 183

408, 187, 406, 172, 435, 168, 437, 184

345, 197, 343, 180, 404, 172, 406, 189

307, 200, 307, 180, 336, 180, 336, 200

1070, 192, 1069, 182, 1126, 179, 1127, 189

238, 208, 235, 187, 303, 179, 306, 200

1114, 207, 1083, 207, 1083, 195, 1114, 195

998, 235, 995, 211, 1060, 202, 1063, 227

164, 324, 163, 303, 225, 300, 226, 321

179, 422, 179, 400, 222, 400, 222, 422

179, 521, 179, 502, 235, 502, 235, 521

