186, 155, 101, 148, 104, 110, 189, 117

367, 173, 232, 159, 236, 122, 371, 136

210, 195, 104, 191, 106, 153, 212, 158

327, 201, 218, 195, 220, 162, 329, 168

335, 202, 335, 173, 368, 173, 368, 202

102, 241, 102, 225, 189, 225, 189, 241

149, 275, 149, 259, 202, 259, 202, 275

102, 277, 102, 261, 142, 261, 142, 277

104, 305, 104, 291, 172, 291, 172, 305

154, 320, 154, 302, 191, 302, 191, 320

197, 318, 197, 302, 237, 302, 237, 318

148, 322, 104, 322, 104, 310, 148, 310

182, 354, 181, 338, 238, 335, 239, 351

156, 356, 156, 340, 176, 340, 176, 356

106, 360, 105, 343, 149, 340, 151, 357

186, 389, 184, 373, 246, 367, 247, 382

302, 397, 300, 381, 380, 369, 383, 385

272, 387, 271, 374, 318, 369, 320, 382

108, 399, 106, 381, 177, 371, 179, 390

311, 425, 309, 412, 383, 401, 386, 414

110, 435, 108, 417, 199, 406, 201, 424

363, 449, 361, 436, 384, 432, 386, 445

315, 458, 313, 443, 354, 435, 357, 450

169, 464, 166, 448, 205, 441, 208, 458

111, 472, 108, 455, 154, 448, 156, 465

175, 500, 172, 484, 204, 477, 208, 493

115, 510, 112, 493, 169, 483, 172, 500

152, 535, 149, 519, 229, 505, 232, 521

118, 539, 116, 527, 144, 522, 146, 534

118, 556, 116, 543, 152, 538, 154, 551

121, 594, 117, 577, 165, 566, 168, 583

