855, 207, 511, 151, 522, 82, 866, 139

149, 119, 149, 101, 187, 101, 187, 119

102, 123, 102, 103, 144, 103, 144, 123

37, 134, 35, 111, 93, 106, 95, 129

102, 147, 102, 129, 127, 129, 127, 147

138, 143, 138, 129, 170, 129, 170, 143

1074, 239, 1074, 229, 1114, 229, 1114, 239

1070, 259, 1069, 242, 1139, 236, 1141, 253

1087, 269, 1086, 257, 1174, 254, 1175, 267

1059, 288, 1058, 275, 1094, 272, 1095, 285

1061, 303, 1061, 289, 1114, 289, 1114, 303

1057, 377, 1057, 361, 1110, 361, 1110, 377

1170, 377, 1117, 377, 1117, 361, 1170, 361

1057, 422, 1057, 408, 1129, 408, 1129, 422

1114, 455, 1073, 451, 1074, 437, 1116, 442

