305, 132, 68, 113, 72, 60, 309, 79

156, 151, 93, 146, 95, 120, 158, 125

306, 164, 162, 150, 165, 121, 309, 136

318, 428, 315, 383, 493, 369, 497, 413

51, 463, 45, 416, 306, 385, 311, 432

448, 445, 445, 426, 492, 417, 495, 436

376, 459, 372, 432, 437, 423, 441, 450

326, 468, 321, 439, 369, 432, 373, 461

243, 481, 240, 451, 322, 441, 325, 471

184, 490, 179, 460, 228, 452, 233, 481

447, 481, 443, 463, 487, 453, 491, 471

110, 500, 107, 468, 175, 464, 177, 495

394, 491, 391, 473, 436, 464, 440, 482

48, 510, 46, 477, 102, 474, 104, 507

301, 506, 299, 495, 348, 488, 349, 499

216, 516, 216, 504, 247, 504, 247, 516

458, 542, 455, 529, 499, 519, 502, 531

370, 562, 367, 549, 417, 537, 420, 550

