596, 283, 591, 254, 686, 237, 691, 265

199, 266, 199, 252, 267, 252, 267, 266

272, 264, 272, 252, 319, 252, 319, 264

205, 284, 205, 270, 243, 270, 243, 284

287, 281, 287, 270, 316, 270, 316, 281

95, 326, 95, 287, 142, 287, 142, 326

201, 303, 201, 287, 301, 287, 301, 303

225, 318, 225, 304, 297, 304, 297, 318

619, 333, 617, 316, 662, 310, 664, 328

229, 356, 229, 329, 297, 329, 297, 356

621, 352, 621, 336, 666, 336, 666, 352

626, 373, 626, 359, 666, 359, 666, 373

231, 386, 231, 364, 252, 364, 252, 386

291, 382, 253, 382, 253, 364, 291, 364

778, 639, 501, 607, 506, 566, 783, 599

694, 669, 457, 630, 461, 608, 698, 648

