202, 146, 106, 136, 110, 95, 206, 105

400, 163, 253, 149, 257, 110, 404, 124

227, 187, 108, 183, 110, 145, 229, 149

356, 196, 236, 189, 238, 153, 358, 159

365, 194, 365, 165, 401, 165, 401, 194

104, 237, 104, 220, 204, 220, 204, 237

106, 277, 105, 259, 149, 256, 150, 274

217, 275, 158, 275, 158, 259, 217, 259

106, 307, 105, 292, 182, 290, 183, 304

162, 326, 159, 307, 203, 301, 206, 319

212, 320, 212, 302, 254, 302, 254, 320

106, 326, 105, 311, 154, 307, 155, 322

192, 358, 190, 342, 255, 337, 256, 353

164, 360, 164, 342, 187, 342, 187, 360

108, 367, 106, 349, 155, 343, 157, 362

351, 384, 349, 371, 409, 361, 412, 374

195, 396, 194, 378, 264, 371, 266, 389

294, 392, 292, 378, 343, 371, 345, 385

325, 403, 323, 389, 410, 374, 412, 388

110, 406, 108, 389, 188, 379, 190, 397

335, 434, 333, 418, 414, 404, 417, 419

111, 447, 108, 427, 211, 414, 214, 433

339, 467, 336, 451, 380, 442, 383, 458

177, 477, 173, 459, 217, 449, 221, 467

294, 474, 291, 461, 313, 456, 316, 469

114, 486, 111, 469, 160, 460, 163, 478

183, 513, 180, 497, 216, 490, 219, 507

117, 526, 114, 507, 175, 498, 178, 517

160, 553, 156, 536, 242, 516, 246, 533

121, 559, 117, 545, 149, 537, 153, 551

119, 574, 117, 560, 158, 556, 160, 570

121, 615, 117, 598, 169, 585, 174, 602

