714, 194, 711, 170, 760, 164, 763, 189

641, 204, 638, 180, 710, 170, 713, 195

604, 209, 604, 186, 629, 186, 629, 209

578, 211, 578, 193, 599, 193, 599, 211

496, 228, 492, 202, 572, 190, 576, 216

423, 232, 422, 204, 490, 201, 492, 229

297, 253, 294, 223, 397, 212, 401, 242

236, 258, 233, 232, 292, 226, 294, 252

589, 278, 585, 242, 622, 239, 626, 274

501, 299, 493, 260, 574, 245, 581, 284

402, 304, 398, 261, 488, 254, 491, 297

559, 331, 553, 290, 698, 270, 703, 311

331, 370, 324, 324, 547, 294, 553, 340

483, 487, 480, 468, 556, 458, 559, 477

276, 517, 272, 494, 458, 463, 462, 486

