1122, 130, 1098, 91, 1166, 50, 1189, 88

630, 128, 630, 107, 692, 107, 692, 128

581, 137, 578, 116, 625, 109, 628, 130

581, 164, 581, 150, 612, 150, 612, 164

291, 263, 216, 241, 226, 205, 302, 227

1180, 241, 1180, 227, 1203, 227, 1203, 241

61, 262, 58, 236, 120, 229, 123, 256

632, 279, 629, 251, 700, 242, 703, 270

1268, 291, 1263, 257, 1316, 248, 1322, 282

570, 287, 565, 260, 626, 249, 631, 276

61, 344, 59, 325, 119, 319, 121, 338

641, 382, 638, 357, 704, 350, 707, 375

578, 392, 574, 369, 629, 358, 634, 381

1277, 401, 1277, 370, 1328, 370, 1328, 401

