180, 111, 30, 36, 49, 0, 198, 74

896, 111, 892, 56, 932, 53, 937, 108

827, 153, 808, 115, 890, 74, 909, 112

1055, 233, 1047, 172, 1092, 166, 1100, 227

343, 228, 343, 212, 383, 212, 383, 228

296, 230, 296, 214, 340, 214, 340, 230

253, 232, 253, 216, 293, 216, 293, 232

261, 252, 258, 235, 292, 230, 294, 247

296, 247, 296, 233, 379, 233, 379, 247

313, 274, 311, 255, 376, 250, 378, 268

270, 273, 270, 257, 310, 257, 310, 273

307, 291, 306, 276, 384, 271, 385, 287

261, 292, 261, 276, 301, 276, 301, 292

326, 311, 326, 297, 370, 297, 370, 311

257, 318, 257, 302, 321, 302, 321, 318

322, 334, 319, 318, 360, 310, 363, 327

266, 335, 266, 319, 316, 319, 316, 335

195, 360, 195, 338, 213, 338, 213, 360

167, 367, 167, 340, 189, 340, 189, 367

307, 361, 306, 343, 348, 339, 350, 357

136, 371, 136, 344, 163, 344, 163, 371

253, 365, 252, 346, 303, 343, 304, 362

