173, 91, 173, 69, 211, 69, 211, 91

878, 210, 537, 133, 552, 65, 893, 142

126, 93, 126, 73, 168, 73, 168, 93

57, 101, 56, 76, 117, 73, 119, 97

126, 121, 126, 99, 153, 99, 153, 121

196, 117, 162, 117, 162, 99, 196, 99

1089, 243, 1089, 231, 1127, 231, 1127, 243

1087, 262, 1086, 244, 1150, 241, 1151, 259

1100, 277, 1099, 263, 1184, 258, 1185, 273

1076, 294, 1076, 280, 1110, 280, 1110, 294

1085, 309, 1085, 295, 1127, 295, 1127, 309

1074, 386, 1074, 370, 1127, 370, 1127, 386

1133, 386, 1133, 370, 1183, 370, 1183, 386

1146, 433, 1075, 430, 1076, 415, 1147, 418

1094, 463, 1094, 451, 1134, 451, 1134, 463

