1005, 157, 994, 114, 1067, 95, 1079, 138

1185, 200, 1176, 155, 1300, 131, 1309, 176

1053, 170, 1053, 144, 1071, 144, 1071, 170

1018, 189, 1009, 164, 1047, 150, 1056, 174

1198, 251, 1191, 218, 1300, 196, 1307, 229

971, 222, 971, 203, 1000, 203, 1000, 222

1049, 235, 1045, 215, 1087, 206, 1091, 226

1001, 243, 997, 223, 1038, 215, 1042, 236

1316, 444, 1205, 441, 1206, 419, 1317, 422

1107, 698, 1053, 689, 1059, 654, 1113, 663

1085, 741, 999, 718, 1005, 697, 1091, 720

1325, 787, 1228, 758, 1241, 716, 1338, 746

1150, 762, 1088, 742, 1095, 721, 1157, 741

