445, 214, 444, 193, 514, 190, 515, 211

343, 218, 341, 196, 393, 192, 395, 214

399, 213, 399, 195, 442, 195, 442, 213

673, 272, 671, 248, 749, 242, 751, 266

734, 288, 734, 263, 787, 263, 787, 288

650, 294, 649, 274, 727, 271, 728, 292

729, 313, 728, 293, 794, 290, 795, 310

643, 318, 642, 297, 723, 294, 724, 315

721, 335, 721, 314, 789, 314, 789, 335

678, 339, 678, 319, 715, 319, 715, 339

654, 339, 654, 323, 674, 323, 674, 339

719, 356, 719, 338, 767, 338, 767, 356

682, 356, 682, 342, 713, 342, 713, 356

