397, 179, 395, 157, 476, 149, 478, 171

906, 243, 906, 208, 946, 208, 946, 243

186, 304, 177, 271, 267, 249, 275, 281

462, 291, 461, 274, 507, 270, 508, 287

427, 292, 427, 276, 459, 276, 459, 292

386, 296, 386, 280, 422, 280, 422, 296

481, 305, 481, 289, 515, 289, 515, 305

451, 307, 451, 293, 478, 293, 478, 307

384, 312, 383, 298, 445, 294, 446, 307

273, 407, 241, 318, 311, 293, 343, 382

447, 349, 446, 325, 520, 320, 521, 344

909, 358, 902, 337, 943, 324, 950, 345

386, 355, 384, 331, 440, 325, 443, 350

397, 395, 394, 357, 511, 347, 514, 386

397, 423, 394, 398, 520, 383, 523, 408

