172, 131, 15, 54, 34, 16, 190, 94

902, 138, 902, 77, 942, 77, 942, 138

829, 180, 810, 143, 893, 100, 912, 137

1055, 237, 1055, 197, 1097, 197, 1097, 237

339, 249, 339, 233, 381, 233, 381, 249

289, 251, 289, 235, 334, 235, 334, 251

246, 254, 246, 238, 286, 238, 286, 254

1097, 262, 1059, 262, 1059, 240, 1097, 240

289, 271, 289, 255, 373, 255, 373, 271

255, 271, 255, 257, 286, 257, 286, 271

307, 294, 306, 278, 369, 274, 370, 291

264, 294, 264, 278, 301, 278, 301, 294

302, 313, 301, 297, 378, 293, 379, 310

255, 313, 255, 297, 297, 297, 297, 313

337, 333, 337, 319, 366, 319, 366, 333

251, 339, 250, 322, 315, 320, 316, 336

315, 354, 315, 338, 357, 338, 357, 354

258, 355, 258, 339, 309, 339, 309, 355

186, 380, 186, 359, 206, 359, 206, 380

160, 386, 160, 361, 181, 361, 181, 386

302, 382, 302, 364, 344, 364, 344, 382

126, 390, 126, 366, 155, 366, 155, 390

246, 385, 245, 368, 296, 365, 297, 382

