1042, 348, 1042, 321, 1078, 321, 1078, 348

1012, 348, 1012, 323, 1039, 323, 1039, 348

220, 360, 220, 340, 245, 340, 245, 360

1001, 375, 1001, 353, 1034, 353, 1034, 375

1038, 382, 1038, 353, 1088, 353, 1088, 382

1344, 437, 1264, 430, 1268, 386, 1348, 393

1345, 497, 1266, 482, 1274, 444, 1353, 459

1076, 488, 1008, 473, 1014, 446, 1082, 461

1061, 524, 993, 504, 1001, 477, 1069, 497

1346, 548, 1263, 527, 1273, 485, 1356, 506

1074, 527, 1074, 500, 1093, 500, 1093, 527

1346, 586, 1267, 565, 1274, 542, 1352, 563

