1051, 91, 978, 88, 979, 58, 1053, 61

1118, 96, 1054, 90, 1057, 63, 1121, 70

173, 256, 146, 159, 266, 126, 293, 223

577, 201, 577, 147, 645, 147, 645, 201

397, 202, 397, 171, 424, 171, 424, 202

371, 285, 362, 174, 421, 168, 430, 279

434, 271, 434, 191, 493, 191, 493, 271

503, 274, 501, 249, 550, 245, 552, 270

376, 355, 372, 287, 555, 274, 560, 343

499, 389, 495, 358, 627, 339, 631, 370

347, 423, 341, 390, 449, 370, 455, 404

499, 415, 495, 394, 626, 371, 630, 392

240, 449, 231, 412, 334, 386, 343, 423

301, 458, 297, 433, 401, 414, 406, 439

