1082, 328, 1046, 328, 1046, 304, 1082, 304

1014, 330, 1014, 306, 1041, 306, 1041, 330

214, 343, 214, 325, 239, 325, 239, 343

1001, 358, 1001, 334, 1034, 334, 1034, 358

1093, 365, 1040, 365, 1040, 336, 1093, 336

1357, 422, 1275, 415, 1279, 369, 1360, 376

1075, 475, 1004, 458, 1011, 429, 1082, 447

1357, 484, 1274, 467, 1283, 427, 1365, 443

1057, 511, 989, 490, 998, 462, 1065, 483

1357, 533, 1273, 521, 1280, 475, 1364, 487

1093, 516, 1068, 516, 1068, 487, 1093, 487

1356, 578, 1275, 556, 1282, 531, 1363, 553

