188, 96, 31, 19, 50, 0, 206, 58

919, 113, 919, 52, 957, 52, 957, 113

848, 155, 828, 117, 911, 75, 930, 113

1075, 243, 1068, 179, 1110, 175, 1117, 239

356, 222, 356, 205, 398, 205, 398, 222

307, 224, 307, 208, 351, 208, 351, 224

261, 226, 261, 210, 301, 210, 301, 226

307, 243, 307, 227, 392, 227, 392, 243

272, 245, 272, 229, 301, 229, 301, 245

324, 266, 324, 250, 388, 250, 388, 266

281, 269, 281, 252, 319, 252, 319, 269

317, 288, 316, 272, 397, 269, 398, 285

270, 288, 270, 272, 312, 272, 312, 288

383, 309, 352, 309, 352, 295, 383, 295

265, 312, 265, 296, 331, 296, 331, 312

143, 318, 142, 306, 182, 303, 183, 315

333, 330, 333, 314, 373, 314, 373, 330

274, 330, 274, 317, 327, 317, 327, 330

201, 358, 201, 334, 222, 334, 222, 358

173, 363, 173, 336, 196, 336, 196, 363

142, 369, 138, 342, 165, 338, 169, 365

317, 358, 317, 340, 362, 340, 362, 358

261, 363, 261, 344, 312, 344, 312, 363

