1029, 320, 1029, 295, 1065, 295, 1065, 320

999, 322, 999, 297, 1026, 297, 1026, 322

988, 350, 988, 325, 1022, 325, 1022, 350

1025, 356, 1025, 327, 1075, 327, 1075, 356

229, 352, 229, 334, 254, 334, 254, 352

1331, 404, 1252, 400, 1255, 356, 1334, 360

1331, 466, 1253, 452, 1260, 412, 1338, 425

1061, 464, 992, 448, 999, 419, 1068, 436

1045, 499, 976, 479, 984, 451, 1053, 470

1333, 514, 1250, 502, 1256, 458, 1339, 470

1078, 501, 1057, 501, 1057, 472, 1078, 472

1330, 557, 1254, 536, 1260, 512, 1337, 533

