1276, 452, 992, 428, 997, 371, 1281, 395

1111, 475, 988, 449, 996, 413, 1118, 439

1266, 505, 1109, 480, 1116, 433, 1274, 458

1044, 484, 1003, 474, 1007, 457, 1049, 467

1053, 491, 1053, 470, 1078, 470, 1078, 491

1137, 504, 1082, 495, 1085, 477, 1140, 486

1189, 519, 1141, 507, 1146, 487, 1194, 499

1191, 523, 1191, 500, 1207, 500, 1207, 523

1255, 536, 1208, 524, 1214, 502, 1261, 515

1011, 568, 977, 554, 985, 537, 1018, 550

1043, 578, 1020, 578, 1020, 556, 1043, 556

1079, 597, 1042, 580, 1051, 561, 1087, 578

