716, 128, 716, 90, 743, 90, 743, 128

686, 145, 686, 105, 713, 105, 713, 145

632, 252, 622, 202, 714, 184, 724, 234

566, 272, 555, 222, 624, 206, 635, 256

1064, 240, 1062, 218, 1109, 215, 1111, 236

1057, 281, 1054, 246, 1125, 239, 1128, 274

1206, 275, 1206, 263, 1235, 263, 1235, 275

979, 303, 979, 289, 1011, 289, 1011, 303

609, 310, 608, 297, 665, 293, 666, 306

1044, 328, 1044, 310, 1162, 310, 1162, 328

1059, 350, 1059, 334, 1129, 334, 1129, 350

1085, 371, 1085, 355, 1129, 355, 1129, 371

1044, 371, 1044, 357, 1067, 357, 1067, 371

352, 399, 350, 383, 386, 379, 388, 394

