988, 72, 988, 43, 1065, 43, 1065, 72

178, 248, 165, 132, 281, 119, 294, 235

584, 184, 581, 128, 652, 124, 655, 180

371, 258, 371, 152, 431, 152, 431, 258

438, 249, 438, 169, 498, 169, 498, 249

507, 251, 507, 227, 554, 227, 554, 251

381, 331, 377, 263, 560, 253, 563, 321

501, 368, 497, 340, 629, 317, 634, 345

350, 394, 346, 362, 452, 348, 456, 381

578, 378, 575, 358, 632, 351, 634, 371

501, 391, 497, 371, 571, 359, 574, 378

243, 422, 234, 386, 338, 361, 347, 398

306, 434, 301, 410, 402, 389, 407, 413

