947, 48, 834, 33, 837, 8, 950, 23

1067, 67, 954, 50, 959, 19, 1072, 36

809, 160, 789, 159, 792, 106, 812, 107

789, 132, 768, 132, 768, 109, 789, 109

826, 136, 826, 112, 860, 112, 860, 136

865, 147, 865, 114, 914, 114, 914, 147

957, 149, 919, 149, 919, 118, 957, 118

964, 153, 964, 124, 989, 124, 989, 153

766, 160, 766, 133, 787, 133, 787, 160

854, 170, 817, 166, 820, 136, 857, 140

1094, 431, 974, 425, 976, 395, 1095, 401

1187, 437, 1098, 430, 1101, 401, 1189, 408

1357, 494, 955, 487, 956, 435, 1358, 442

1227, 531, 1227, 511, 1347, 511, 1347, 531

