1100, 242, 1099, 229, 1128, 226, 1129, 239

792, 290, 792, 252, 957, 252, 957, 290

307, 332, 220, 323, 223, 290, 310, 299

913, 309, 913, 297, 963, 297, 963, 309

112, 343, 69, 343, 69, 325, 112, 325

824, 339, 824, 327, 849, 327, 849, 339

147, 343, 147, 329, 170, 329, 170, 343

839, 369, 839, 357, 871, 357, 871, 369

872, 388, 872, 376, 905, 376, 905, 388

978, 388, 930, 388, 930, 376, 978, 376

1087, 461, 1087, 408, 1270, 408, 1270, 461

1089, 495, 1089, 466, 1270, 466, 1270, 495

404, 508, 404, 492, 435, 492, 435, 508

393, 718, 222, 715, 223, 695, 394, 699

