1055, 75, 982, 71, 984, 43, 1057, 47

1124, 81, 1061, 75, 1064, 48, 1127, 54

166, 239, 157, 120, 276, 111, 285, 230

575, 177, 575, 122, 645, 122, 645, 177

395, 170, 395, 144, 424, 144, 424, 170

390, 170, 363, 170, 363, 146, 390, 146

430, 243, 430, 161, 489, 161, 489, 243

426, 254, 367, 254, 367, 171, 426, 171

499, 245, 499, 220, 549, 220, 549, 245

373, 330, 369, 259, 553, 248, 558, 319

497, 365, 492, 335, 626, 313, 630, 342

341, 390, 337, 358, 444, 344, 449, 376

573, 374, 571, 357, 629, 350, 632, 367

233, 416, 225, 379, 331, 356, 339, 393

496, 387, 493, 368, 567, 357, 570, 375

297, 428, 292, 403, 395, 384, 399, 410

