723, 384, 723, 357, 743, 357, 743, 384

818, 380, 818, 357, 845, 357, 845, 380

818, 403, 818, 389, 847, 389, 847, 403

619, 450, 612, 391, 634, 389, 641, 448

559, 463, 556, 404, 578, 403, 580, 462

399, 438, 376, 434, 381, 405, 404, 409

434, 517, 410, 509, 436, 435, 460, 443

372, 525, 324, 508, 351, 430, 399, 447

825, 497, 811, 497, 811, 470, 825, 470

807, 533, 807, 498, 827, 498, 827, 533

352, 596, 326, 592, 328, 580, 353, 584

442, 652, 347, 638, 354, 587, 450, 602

953, 745, 895, 745, 895, 727, 953, 727

809, 749, 809, 729, 888, 729, 888, 749

491, 753, 438, 753, 438, 735, 491, 735

554, 755, 533, 755, 533, 735, 554, 735

904, 794, 904, 774, 942, 774, 942, 794

