434, 245, 434, 220, 467, 220, 467, 245

515, 249, 473, 249, 473, 223, 515, 223

522, 251, 522, 229, 592, 229, 592, 251

911, 267, 860, 264, 861, 247, 912, 250

1137, 286, 1047, 281, 1048, 262, 1138, 267

1161, 309, 1023, 299, 1025, 279, 1163, 289

141, 382, 141, 340, 166, 340, 166, 382

150, 524, 120, 521, 129, 434, 159, 437

921, 471, 921, 453, 1006, 453, 1006, 471

1012, 471, 1012, 453, 1075, 453, 1075, 471

492, 632, 492, 590, 577, 590, 577, 632

389, 627, 389, 592, 444, 592, 444, 627

451, 627, 451, 596, 487, 596, 487, 627

395, 652, 395, 636, 517, 636, 517, 652

