177, 126, 18, 47, 37, 10, 196, 88

913, 132, 913, 77, 953, 77, 953, 132

842, 176, 823, 139, 906, 96, 925, 133

1067, 260, 1060, 198, 1101, 194, 1108, 256

348, 247, 348, 231, 390, 231, 390, 247

341, 249, 295, 246, 296, 231, 342, 233

253, 251, 253, 235, 293, 235, 293, 251

261, 271, 259, 254, 292, 251, 294, 267

295, 266, 295, 252, 380, 252, 380, 266

313, 290, 313, 272, 377, 272, 377, 290

270, 295, 268, 278, 309, 275, 310, 292

307, 312, 306, 297, 387, 292, 388, 307

259, 313, 259, 297, 301, 297, 301, 313

343, 333, 343, 319, 373, 319, 373, 333

255, 337, 255, 321, 321, 321, 321, 337

322, 354, 322, 336, 366, 336, 366, 354

264, 356, 264, 340, 316, 340, 316, 356

188, 380, 188, 359, 209, 359, 209, 380

160, 386, 160, 361, 183, 361, 183, 386

307, 382, 307, 364, 349, 364, 349, 382

123, 390, 123, 366, 155, 366, 155, 390

248, 385, 247, 368, 300, 365, 301, 382

