855, 91, 841, 58, 942, 14, 956, 47

1116, 117, 1104, 84, 1173, 59, 1185, 93

1085, 119, 1085, 86, 1108, 86, 1108, 119

1040, 132, 1040, 92, 1082, 92, 1082, 132

1116, 155, 1108, 122, 1203, 97, 1212, 130

839, 155, 839, 120, 860, 120, 860, 155

1042, 170, 1037, 137, 1107, 125, 1113, 158

1089, 245, 1085, 210, 1170, 200, 1174, 236

1182, 235, 1179, 205, 1220, 201, 1223, 231

1038, 249, 1036, 220, 1083, 217, 1086, 245

1214, 282, 1211, 244, 1354, 231, 1357, 270

1123, 283, 1121, 247, 1206, 243, 1208, 278

1035, 287, 1033, 255, 1115, 251, 1117, 282

1003, 439, 841, 416, 854, 321, 1016, 343

1180, 376, 1092, 365, 1096, 329, 1184, 339

1042, 365, 1042, 336, 1091, 336, 1091, 365

1249, 372, 1189, 368, 1191, 344, 1250, 348

1353, 382, 1269, 379, 1271, 350, 1354, 353

1046, 397, 1046, 370, 1067, 370, 1067, 397

1120, 407, 1066, 401, 1070, 369, 1124, 375

1210, 420, 1125, 414, 1128, 379, 1213, 385

1165, 529, 1050, 492, 1060, 460, 1176, 497

1345, 582, 1168, 527, 1179, 492, 1356, 548

