1103, 292, 1093, 262, 1180, 233, 1190, 263

816, 262, 816, 240, 853, 240, 853, 262

995, 279, 995, 265, 1019, 265, 1019, 279

951, 288, 948, 270, 985, 265, 987, 282

1018, 313, 1012, 290, 1071, 275, 1077, 298

212, 352, 212, 291, 327, 291, 327, 352

469, 365, 322, 345, 330, 283, 478, 303

805, 321, 803, 306, 846, 302, 848, 316

1118, 376, 1114, 344, 1203, 332, 1208, 364

80, 386, 80, 368, 153, 368, 153, 386

396, 407, 390, 391, 419, 380, 425, 397

1128, 431, 1128, 400, 1220, 400, 1220, 431

1035, 437, 1033, 410, 1119, 402, 1122, 430

1109, 483, 1065, 468, 1072, 446, 1117, 461

1137, 486, 1137, 455, 1231, 455, 1231, 486

