65, 115, 65, 82, 127, 82, 127, 115

242, 125, 132, 118, 134, 85, 244, 93

425, 138, 326, 133, 328, 104, 427, 109

9, 140, 9, 118, 58, 118, 58, 140

152, 147, 61, 142, 63, 117, 153, 122

158, 145, 158, 126, 178, 126, 178, 145

54, 166, 54, 148, 84, 148, 84, 166

160, 168, 90, 166, 91, 149, 161, 152

228, 170, 167, 170, 167, 154, 228, 154

275, 175, 236, 175, 236, 156, 275, 156

63, 184, 17, 180, 18, 165, 64, 169

91, 185, 91, 167, 118, 167, 118, 185

123, 190, 123, 169, 168, 169, 168, 190

230, 192, 175, 192, 175, 173, 230, 173

441, 195, 325, 189, 326, 172, 442, 178

852, 288, 852, 265, 927, 265, 927, 288

649, 433, 613, 433, 613, 400, 649, 400

