1051, 75, 982, 71, 984, 42, 1053, 46

1118, 82, 1056, 76, 1059, 51, 1121, 57

184, 232, 173, 116, 293, 105, 303, 221

587, 175, 587, 118, 659, 118, 659, 175

410, 162, 410, 137, 437, 137, 437, 162

380, 246, 377, 139, 435, 137, 438, 244

445, 234, 445, 156, 502, 156, 502, 234

512, 237, 512, 212, 560, 212, 560, 237

383, 316, 381, 246, 563, 241, 565, 311

503, 351, 499, 322, 632, 304, 636, 332

351, 380, 346, 348, 453, 333, 457, 365

578, 364, 576, 346, 635, 340, 637, 358

531, 371, 528, 352, 576, 344, 578, 363

241, 404, 234, 367, 339, 347, 346, 384

501, 375, 501, 355, 530, 355, 530, 375

306, 417, 301, 393, 403, 372, 408, 397

