475, 111, 427, 103, 437, 44, 485, 52

866, 202, 528, 133, 542, 64, 880, 133

167, 98, 167, 75, 204, 75, 204, 98

121, 100, 121, 80, 161, 80, 161, 100

52, 108, 52, 84, 112, 84, 112, 108

154, 123, 154, 105, 191, 105, 191, 123

117, 128, 117, 107, 146, 107, 146, 128

1079, 234, 1079, 220, 1119, 220, 1119, 234

1076, 251, 1074, 235, 1141, 230, 1142, 246

1092, 264, 1091, 251, 1165, 246, 1166, 259

1066, 281, 1066, 270, 1099, 270, 1099, 281

1072, 296, 1072, 285, 1116, 285, 1116, 296

1061, 375, 1061, 359, 1114, 359, 1114, 375

1120, 375, 1120, 359, 1170, 359, 1170, 375

1061, 422, 1061, 408, 1132, 408, 1132, 422

1079, 454, 1079, 440, 1119, 440, 1119, 454

