891, 189, 546, 127, 559, 55, 904, 117

130, 91, 130, 69, 170, 69, 170, 91

213, 87, 177, 87, 177, 69, 213, 69

61, 100, 59, 75, 119, 72, 121, 97

128, 119, 128, 97, 159, 97, 159, 119

162, 115, 162, 97, 200, 97, 200, 115

1104, 228, 1104, 214, 1144, 214, 1144, 228

1102, 246, 1101, 228, 1167, 224, 1168, 242

1117, 261, 1116, 246, 1202, 241, 1203, 256

1092, 279, 1091, 264, 1126, 261, 1127, 276

1092, 295, 1091, 280, 1143, 277, 1144, 292

1092, 373, 1092, 357, 1144, 357, 1144, 373

1152, 373, 1152, 357, 1201, 357, 1201, 373

1092, 422, 1092, 408, 1164, 408, 1164, 422

1109, 454, 1109, 440, 1151, 440, 1151, 454

