812, 82, 798, 49, 900, 4, 914, 37

1087, 103, 1077, 70, 1150, 48, 1160, 81

1055, 106, 1055, 73, 1078, 73, 1078, 106

1007, 122, 998, 92, 1048, 78, 1057, 108

1087, 145, 1077, 112, 1181, 82, 1191, 115

824, 132, 824, 109, 843, 109, 843, 132

794, 145, 794, 112, 817, 112, 817, 145

1008, 160, 1001, 126, 1077, 112, 1083, 146

1058, 232, 1055, 197, 1146, 188, 1149, 224

1158, 222, 1158, 191, 1201, 191, 1201, 222

1001, 237, 1001, 205, 1052, 205, 1052, 237

1193, 271, 1190, 233, 1353, 219, 1356, 257

1092, 272, 1090, 235, 1184, 232, 1186, 269

1001, 275, 999, 244, 1083, 241, 1085, 272

961, 428, 797, 409, 808, 311, 972, 330

1154, 366, 1060, 357, 1064, 320, 1157, 328

1007, 354, 1007, 325, 1058, 325, 1058, 354

1348, 373, 1250, 370, 1251, 341, 1349, 343

1007, 386, 1007, 359, 1028, 359, 1028, 386

1088, 400, 1031, 393, 1035, 359, 1093, 367

1186, 413, 1094, 405, 1098, 370, 1190, 379

1133, 523, 1008, 484, 1018, 453, 1142, 491

1321, 578, 1139, 524, 1149, 490, 1331, 543

920, 676, 871, 638, 885, 620, 934, 657

