747, 138, 747, 99, 774, 99, 774, 138

716, 153, 716, 116, 741, 116, 741, 153

667, 262, 657, 213, 746, 195, 756, 245

600, 280, 592, 227, 656, 217, 664, 270

1087, 254, 1087, 229, 1132, 229, 1132, 254

1083, 295, 1079, 261, 1145, 253, 1149, 287

1005, 313, 1005, 302, 1037, 302, 1037, 313

642, 319, 642, 303, 699, 303, 699, 319

1067, 342, 1067, 324, 1184, 324, 1184, 342

1087, 365, 1087, 346, 1151, 346, 1151, 365

1070, 386, 1070, 370, 1091, 370, 1091, 386

1111, 386, 1111, 372, 1153, 372, 1153, 386

