159, 136, 2, 56, 21, 17, 179, 97

905, 132, 900, 73, 941, 70, 946, 128

829, 178, 809, 140, 897, 93, 918, 130

1061, 262, 1057, 197, 1100, 195, 1104, 259

330, 258, 330, 242, 370, 242, 370, 258

279, 260, 279, 244, 325, 244, 325, 260

236, 262, 236, 246, 275, 246, 275, 262

278, 278, 278, 262, 363, 262, 363, 278

244, 282, 243, 267, 274, 264, 276, 279

296, 305, 294, 288, 361, 283, 362, 300

253, 307, 253, 289, 293, 289, 293, 307

289, 325, 288, 309, 369, 303, 370, 319

242, 324, 242, 310, 286, 310, 286, 324

309, 348, 307, 331, 354, 325, 356, 343

238, 352, 237, 336, 305, 333, 306, 349

115, 356, 115, 346, 157, 346, 157, 356

305, 367, 305, 351, 347, 351, 347, 367

248, 371, 248, 353, 299, 353, 299, 371

175, 397, 175, 374, 194, 374, 194, 397

289, 396, 287, 378, 333, 375, 334, 393

145, 403, 145, 378, 168, 378, 168, 403

113, 409, 113, 381, 140, 381, 140, 409

233, 401, 231, 383, 283, 379, 285, 397

