821, 85, 804, 52, 902, 4, 918, 36

1090, 104, 1080, 69, 1153, 48, 1163, 83

1057, 111, 1057, 75, 1082, 75, 1082, 111

1009, 127, 1000, 94, 1050, 80, 1059, 113

1086, 147, 1076, 113, 1181, 83, 1190, 117

828, 138, 828, 114, 847, 114, 847, 138

1009, 166, 1001, 130, 1078, 114, 1086, 150

800, 153, 800, 120, 823, 120, 823, 153

1153, 232, 1148, 201, 1194, 194, 1199, 225

1057, 243, 1052, 205, 1142, 194, 1147, 232

1001, 250, 998, 219, 1051, 212, 1055, 243

1186, 280, 1182, 240, 1345, 224, 1349, 265

1089, 282, 1087, 246, 1178, 241, 1180, 277

1001, 288, 998, 254, 1081, 248, 1084, 283

951, 443, 798, 426, 810, 326, 962, 343

1146, 377, 1054, 370, 1057, 333, 1149, 340

1003, 369, 1003, 340, 1052, 340, 1052, 369

1214, 380, 1157, 371, 1162, 346, 1218, 355

1337, 388, 1236, 381, 1238, 353, 1339, 359

1007, 403, 1007, 374, 1028, 374, 1028, 403

1082, 414, 1029, 414, 1029, 378, 1082, 378

1176, 427, 1086, 420, 1089, 384, 1179, 391

1121, 540, 1002, 501, 1012, 469, 1132, 509

1326, 602, 1125, 540, 1136, 505, 1337, 567

