886, 205, 546, 135, 560, 66, 900, 136

167, 96, 167, 77, 206, 77, 206, 96

119, 100, 119, 80, 163, 80, 163, 100

50, 108, 50, 84, 112, 84, 112, 108

154, 123, 154, 105, 191, 105, 191, 123

117, 128, 117, 107, 146, 107, 146, 128

1098, 237, 1098, 223, 1136, 223, 1136, 237

1094, 256, 1092, 237, 1159, 232, 1160, 250

1109, 270, 1108, 257, 1149, 253, 1151, 265

1083, 286, 1083, 272, 1114, 272, 1114, 286

1087, 302, 1086, 289, 1135, 285, 1136, 299

1080, 376, 1080, 363, 1131, 363, 1131, 376

1188, 377, 1137, 377, 1137, 364, 1188, 364

1079, 424, 1079, 410, 1149, 410, 1149, 424

1135, 457, 1095, 454, 1096, 442, 1136, 445

