1204, 266, 1201, 239, 1303, 227, 1306, 255

1066, 282, 1064, 246, 1195, 237, 1198, 273

1012, 289, 1009, 254, 1057, 250, 1060, 285

1156, 323, 1154, 302, 1215, 296, 1217, 317

1066, 325, 1065, 308, 1150, 303, 1151, 319

1112, 353, 1112, 335, 1161, 335, 1161, 353

1083, 352, 1083, 338, 1108, 338, 1108, 352

1209, 356, 1169, 356, 1169, 338, 1209, 338

1147, 384, 1102, 384, 1102, 370, 1147, 370

1179, 384, 1152, 384, 1152, 370, 1179, 370

1238, 388, 1183, 385, 1184, 370, 1239, 373

1312, 392, 1248, 389, 1249, 372, 1313, 375

1070, 446, 1041, 443, 1042, 430, 1072, 433

1121, 448, 1072, 448, 1072, 434, 1121, 434

1183, 452, 1128, 452, 1128, 438, 1183, 438

1189, 456, 1189, 438, 1224, 438, 1224, 456

1258, 460, 1228, 456, 1230, 439, 1260, 443

