440, 102, 394, 92, 404, 42, 450, 51

848, 197, 496, 131, 509, 59, 862, 126

130, 99, 129, 77, 169, 73, 171, 96

85, 100, 85, 80, 127, 80, 127, 100

18, 111, 16, 86, 74, 81, 76, 106

119, 123, 119, 105, 153, 105, 153, 123

82, 130, 82, 107, 112, 107, 112, 130

1070, 230, 1070, 216, 1112, 216, 1112, 230

1068, 249, 1067, 233, 1137, 228, 1138, 244

1083, 264, 1083, 250, 1112, 250, 1112, 264

1147, 260, 1113, 260, 1113, 250, 1147, 250

1057, 281, 1057, 270, 1093, 270, 1093, 281

1061, 298, 1060, 284, 1113, 281, 1114, 295

1057, 380, 1057, 364, 1114, 364, 1114, 380

1120, 377, 1120, 364, 1170, 364, 1170, 377

1136, 429, 1061, 429, 1061, 415, 1136, 415

1081, 461, 1081, 447, 1123, 447, 1123, 461

