1271, 123, 1268, 107, 1301, 101, 1303, 117

1247, 123, 1247, 107, 1267, 107, 1267, 123

1055, 149, 1055, 137, 1080, 137, 1080, 149

1068, 164, 1067, 151, 1105, 148, 1106, 161

1040, 170, 1040, 154, 1063, 154, 1063, 170

477, 175, 477, 159, 500, 159, 500, 175

445, 179, 445, 163, 472, 163, 472, 179

1044, 181, 1043, 170, 1102, 165, 1103, 176

391, 190, 391, 171, 418, 171, 418, 190

331, 201, 328, 183, 387, 172, 390, 189

1057, 194, 1057, 182, 1091, 182, 1091, 194

229, 214, 227, 191, 322, 180, 324, 203

971, 227, 968, 201, 1033, 194, 1036, 221

167, 337, 167, 314, 222, 314, 222, 337

182, 442, 182, 419, 222, 419, 222, 442

185, 543, 185, 523, 236, 523, 236, 543

