975, 72, 975, 45, 1047, 45, 1047, 72

1079, 74, 1079, 58, 1110, 58, 1110, 74

201, 248, 182, 134, 295, 115, 314, 229

587, 181, 587, 129, 653, 129, 653, 181

389, 259, 381, 153, 437, 148, 446, 254

442, 179, 414, 179, 414, 152, 442, 152

447, 249, 447, 169, 502, 169, 502, 249

514, 249, 514, 225, 562, 225, 562, 249

392, 333, 389, 261, 565, 253, 568, 325

509, 365, 504, 335, 635, 316, 639, 345

361, 395, 357, 362, 462, 348, 466, 382

509, 391, 506, 371, 638, 348, 641, 368

313, 403, 313, 366, 353, 366, 353, 403

258, 422, 250, 385, 309, 371, 318, 408

318, 434, 312, 409, 414, 388, 419, 414

