386, 215, 386, 199, 416, 199, 416, 215

419, 224, 419, 199, 454, 199, 454, 224

502, 226, 455, 226, 455, 201, 502, 201

581, 232, 507, 227, 509, 200, 583, 205

857, 243, 857, 225, 909, 225, 909, 243

1051, 262, 1051, 242, 1144, 242, 1144, 262

1169, 285, 1026, 277, 1027, 257, 1170, 265

119, 365, 119, 323, 144, 323, 144, 365

128, 508, 98, 505, 107, 416, 136, 419

1002, 454, 934, 454, 934, 436, 1002, 436

1005, 454, 1005, 436, 1071, 436, 1071, 454

471, 617, 471, 575, 560, 575, 560, 617

368, 611, 368, 576, 423, 576, 423, 611

465, 612, 430, 612, 430, 581, 465, 581

374, 638, 374, 622, 431, 622, 431, 638

434, 637, 434, 621, 500, 621, 500, 637

