146, 88, 130, 74, 174, 27, 189, 41

286, 75, 273, 63, 305, 27, 318, 39

710, 55, 709, 44, 740, 41, 741, 52

79, 164, 62, 149, 128, 74, 145, 89

549, 112, 546, 90, 596, 83, 599, 104

27, 222, 9, 205, 60, 152, 77, 169

781, 195, 780, 184, 807, 181, 808, 192

189, 219, 171, 205, 192, 179, 210, 194

729, 202, 727, 189, 775, 182, 777, 195

280, 329, 260, 213, 407, 188, 426, 304

140, 287, 119, 271, 167, 209, 188, 225

568, 251, 566, 229, 617, 224, 619, 246

811, 297, 810, 285, 839, 281, 840, 293

775, 298, 775, 287, 808, 287, 808, 298

386, 348, 386, 323, 409, 323, 409, 348

583, 350, 581, 325, 632, 322, 634, 347

361, 363, 353, 346, 380, 334, 387, 351

389, 369, 389, 349, 409, 349, 409, 369

318, 382, 310, 365, 351, 347, 358, 364

346, 393, 339, 377, 381, 358, 388, 373

387, 396, 378, 382, 403, 366, 412, 380

749, 382, 749, 372, 784, 372, 784, 382

323, 404, 319, 383, 339, 379, 343, 400

333, 425, 324, 410, 375, 382, 383, 398

301, 418, 291, 403, 314, 388, 324, 404

593, 430, 591, 407, 643, 402, 645, 425

755, 427, 755, 415, 808, 415, 808, 427

406, 550, 391, 534, 456, 474, 471, 491

312, 635, 294, 615, 389, 532, 406, 553

678, 653, 678, 635, 705, 635, 705, 653

686, 698, 684, 682, 710, 679, 712, 695

442, 803, 405, 777, 468, 690, 504, 716

481, 766, 481, 739, 493, 739, 493, 766

395, 783, 395, 752, 416, 752, 416, 783

473, 797, 459, 788, 472, 765, 487, 774

376, 811, 376, 778, 392, 778, 392, 811

