761, 62, 749, 31, 861, 0, 874, 15

942, 28, 942, 0, 979, 0, 979, 28

1016, 82, 1007, 53, 1074, 30, 1084, 60

986, 86, 986, 55, 1007, 55, 1007, 86

942, 101, 934, 71, 980, 58, 988, 88

1016, 122, 1006, 93, 1103, 63, 1112, 92

772, 110, 772, 89, 789, 89, 789, 110

746, 127, 746, 90, 767, 90, 767, 127

943, 136, 937, 104, 1007, 90, 1014, 122

1082, 193, 1082, 164, 1121, 164, 1121, 193

990, 203, 987, 170, 1072, 163, 1075, 196

939, 211, 934, 185, 983, 177, 988, 203

1114, 238, 1111, 200, 1278, 188, 1279, 227

1020, 240, 1018, 207, 1106, 202, 1108, 235

940, 243, 938, 215, 1014, 210, 1016, 238

906, 389, 745, 365, 759, 274, 920, 298

1078, 326, 993, 319, 996, 286, 1081, 293

942, 318, 942, 291, 989, 291, 989, 318

1278, 344, 1166, 331, 1170, 300, 1279, 314

944, 348, 944, 321, 965, 321, 965, 348

1020, 359, 967, 353, 970, 324, 1024, 330

1108, 371, 1022, 362, 1026, 330, 1112, 339

1065, 476, 944, 439, 953, 408, 1074, 445

1276, 539, 1065, 478, 1075, 443, 1279, 504

