390, 189, 390, 167, 421, 167, 421, 189

426, 191, 426, 169, 467, 169, 467, 191

474, 196, 474, 175, 515, 175, 515, 196

852, 211, 803, 210, 804, 193, 853, 195

1072, 231, 988, 226, 990, 207, 1073, 212

1094, 251, 965, 244, 966, 225, 1095, 233

126, 318, 103, 315, 108, 275, 131, 278

115, 450, 87, 448, 94, 365, 122, 368

860, 403, 860, 387, 941, 387, 941, 403

946, 404, 946, 387, 1009, 387, 1009, 404

399, 548, 347, 544, 350, 513, 401, 517

446, 551, 446, 514, 529, 514, 529, 551

441, 545, 406, 545, 406, 520, 441, 520

351, 570, 351, 556, 406, 556, 406, 570

410, 568, 410, 556, 465, 556, 465, 568

