1051, 178, 1022, 178, 1022, 165, 1051, 165

1042, 191, 1042, 180, 1071, 180, 1071, 191

738, 238, 738, 203, 899, 203, 899, 238

266, 271, 185, 268, 186, 234, 268, 237

853, 256, 816, 256, 816, 244, 853, 244

907, 258, 856, 258, 856, 244, 907, 244

744, 313, 744, 302, 779, 302, 779, 313

818, 313, 818, 302, 847, 302, 847, 313

798, 332, 798, 318, 849, 318, 849, 332

872, 333, 872, 319, 921, 319, 921, 333

744, 350, 744, 332, 761, 332, 761, 350

744, 361, 744, 344, 787, 344, 787, 361

1028, 403, 1028, 353, 1205, 353, 1205, 403

780, 370, 780, 359, 823, 359, 823, 370

1028, 434, 1028, 407, 1205, 407, 1205, 434

358, 442, 358, 428, 387, 428, 387, 442

344, 641, 159, 634, 160, 616, 345, 623

