534, 251, 529, 226, 623, 208, 628, 233

220, 238, 220, 224, 263, 224, 263, 238

215, 238, 152, 238, 152, 225, 215, 225

234, 253, 234, 240, 265, 240, 265, 253

154, 254, 154, 242, 193, 242, 193, 254

231, 253, 196, 253, 196, 242, 231, 242

200, 268, 200, 255, 249, 255, 249, 268

199, 269, 152, 269, 152, 257, 199, 257

174, 286, 173, 272, 244, 268, 245, 282

560, 300, 558, 282, 600, 276, 602, 295

181, 323, 179, 297, 244, 292, 246, 318

564, 317, 562, 301, 604, 296, 605, 313

574, 331, 574, 319, 603, 319, 603, 331

184, 346, 184, 325, 243, 325, 243, 346

709, 580, 475, 551, 480, 516, 713, 546

525, 564, 480, 564, 480, 554, 525, 554

633, 607, 397, 570, 400, 550, 636, 587

