694, 342, 673, 340, 676, 308, 697, 310

766, 335, 766, 310, 793, 310, 793, 335

759, 328, 736, 328, 736, 314, 759, 314

763, 356, 736, 356, 736, 330, 763, 330

766, 354, 766, 340, 793, 340, 793, 354

364, 385, 333, 376, 343, 341, 374, 350

666, 404, 643, 403, 646, 348, 669, 349

595, 391, 576, 391, 576, 359, 595, 359

630, 389, 630, 364, 645, 364, 645, 389

394, 406, 394, 381, 419, 381, 419, 406

334, 403, 334, 385, 365, 385, 365, 403

682, 403, 682, 385, 699, 385, 699, 403

299, 449, 296, 409, 352, 405, 355, 445

399, 451, 376, 443, 392, 399, 415, 407

752, 441, 737, 439, 740, 412, 755, 413

773, 440, 758, 440, 758, 413, 773, 413

790, 459, 790, 417, 817, 417, 817, 459

752, 468, 752, 441, 773, 441, 773, 468

410, 571, 353, 565, 355, 547, 412, 553

770, 629, 770, 615, 817, 615, 817, 629

849, 629, 822, 629, 822, 615, 849, 615

889, 663, 836, 663, 836, 645, 889, 645

404, 663, 404, 649, 453, 649, 453, 663

754, 665, 754, 649, 831, 649, 831, 665

844, 704, 844, 689, 879, 689, 879, 704

