352, 151, 350, 131, 425, 122, 428, 142

840, 204, 840, 169, 879, 169, 879, 204

159, 263, 152, 235, 233, 215, 240, 243

414, 252, 412, 236, 454, 231, 456, 246

382, 253, 382, 237, 411, 237, 411, 253

346, 254, 346, 240, 377, 240, 377, 254

432, 262, 432, 250, 465, 250, 465, 262

404, 266, 403, 254, 428, 251, 429, 263

342, 270, 341, 258, 398, 254, 399, 266

237, 353, 219, 274, 280, 260, 298, 339

402, 303, 400, 283, 467, 277, 469, 297

843, 310, 837, 291, 875, 279, 881, 297

343, 309, 341, 287, 394, 283, 396, 305

355, 345, 352, 310, 459, 301, 462, 335

356, 369, 354, 347, 468, 335, 470, 357

