380, 179, 380, 160, 447, 160, 447, 179

286, 185, 285, 165, 332, 163, 333, 183

340, 181, 340, 164, 377, 164, 377, 181

602, 233, 601, 211, 674, 208, 675, 230

659, 253, 656, 229, 709, 223, 712, 247

577, 257, 575, 238, 652, 233, 653, 252

657, 274, 655, 253, 718, 248, 720, 268

574, 279, 573, 260, 650, 254, 652, 273

646, 292, 646, 274, 713, 274, 713, 292

606, 298, 606, 280, 643, 280, 643, 298

584, 298, 584, 282, 603, 282, 603, 298

642, 316, 642, 297, 693, 297, 693, 316

608, 316, 608, 300, 639, 300, 639, 316

