352, 151, 350, 132, 425, 122, 428, 141

841, 205, 834, 177, 877, 167, 884, 195

159, 263, 152, 235, 233, 215, 240, 243

414, 250, 412, 236, 454, 232, 455, 246

382, 253, 382, 237, 411, 237, 411, 253

346, 254, 346, 240, 375, 240, 375, 254

432, 263, 431, 250, 464, 247, 466, 260

404, 266, 403, 253, 428, 250, 429, 263

342, 270, 341, 258, 398, 254, 399, 266

222, 314, 222, 270, 289, 270, 289, 314

402, 303, 400, 283, 468, 277, 469, 297

843, 310, 837, 291, 875, 279, 881, 297

343, 309, 341, 287, 394, 282, 396, 305

355, 345, 352, 310, 459, 301, 462, 335

237, 353, 229, 323, 291, 307, 299, 337

355, 369, 352, 347, 468, 335, 470, 357

