994,195,1130,185,1133,226,996,236
1129,191,1233,178,1236,204,1132,217
1083,248,1147,244,1149,266,1084,269
986,253,1089,250,1090,272,987,275
938,209,990,206,991,237,939,239
995,374,1051,376,1050,393,994,391
1106,315,1168,317,1167,333,1106,332
1177,319,1239,320,1239,334,1177,332
970,316,1031,314,1031,329,970,331
1092,282,1134,283,1133,303,1092,302
1035,281,1095,280,1095,301,1035,301
1047,378,1111,379,1111,395,1046,394
1025,315,1076,316,1076,331,1025,330
1075,315,1109,317,1108,332,1075,330
1109,378,1151,381,1150,398,1108,395
964,372,1001,373,1001,390,964,389
1153,381,1184,383,1183,398,1152,396
966,260,1007,259,1007,274,966,275
