10,50,1354,9,1332,774,17,773
26,36,1351,50,1360,812,37,790
26,2,1334,15,1377,775,35,813
20,14,1362,16,1341,810,29,794
29,19,1343,48,1345,799,13,788
1,33,1359,5,1330,819,42,800
2,0,1362,9,1347,815,43,799
28,4,1378,0,1372,773,43,795
38,44,1376,25,1337,773,26,793
50,36,1348,36,1374,813,6,807
19,0,1339,12,1341,789,33,820
27,29,1374,50,1330,804,7,787
6,19,1338,36,1337,778,48,774
35,38,1361,46,1369,782,15,778
24,15,1355,50,1356,811,24,810
1,0,1348,23,1341,800,16,790
17,18,1334,15,1366,815,25,775
50,46,1330,6,1372,791,2,813
19,21,1367,30,1367,807,42,790
29,39,1361,44,1354,811,16,815
7,39,1337,27,1355,803,19,791
50,5,1371,1,1347,803,7,794
11,22,1363,2,1348,789,24,815
1,42,1363,8,1342,820,28,799
48,8,1373,22,1342,802,10,815
27,36,1360,29,1367,788,34,811
3,34,1374,8,1356,820,27,814
9,22,1378,0,1373,778,12,774
13,43,1369,22,1374,820,13,780
6,38,1340,23,1369,798,3,775
34,6,1337,7,1348,816,32,799
14,31,1331,23,1353,817,17,805
34,33,1352,19,1336,780,19,774
21,25,1372,50,1341,813,38,790
16,15,1342,4,1376,772,45,800
10,9,1352,13,1354,790,47,805
36,41,1334,5,1356,786,40,811
33,6,1371,34,1366,779,1,811
5,18,1372,46,1380,785,3,804
25,40,1340,35,1366,781,19,800
40,40,1344,14,1375,795,39,801
50,43,1357,18,1333,778,25,809
12,6,1333,35,1347,820,8,790
12,8,1343,45,1350,814,43,785
34,42,1349,13,1367,815,15,791
38,38,1351,1,1337,809,34,812
37,11,1364,30,1332,814,10,772
32,5,1360,43,1361,818,42,789
32,26,1334,35,1346,771,23,787
8,5,1344,41,1375,793,31,775
23,16,1375,37,1341,802,39,805
36,29,1340,27,1358,811,20,811
3,7,1338,35,1377,787,37,802
7,38,1339,25,1340,800,46,773
31,48,1371,22,1332,789,33,781
30,18,1375,16,1369,789,44,804
26,48,1369,12,1333,814,49,794
43,21,1368,31,1330,816,1,792
6,19,1373,29,1332,776,39,816
9,8,1354,10,1336,787,20,800
31,11,1367,46,1347,819,45,819
14,1,1368,23,1361,810,2,812
19,43,1331,13,1354,785,45,799
32,43,1343,7,1378,797,41,809
38,27,1366,47,1353,813,32,815
31,35,1333,39,1368,777,7,778
23,17,1380,37,1362,810,17,808
11,6,1343,47,1342,799,19,805
47,40,1368,14,1349,778,13,813
13,45,1336,26,1379,816,20,797
43,42,1368,29,1373,788,41,786
45,21,1348,29,1355,791,50,801
8,45,1360,0,1341,770,21,810
16,35,1345,29,1371,813,45,818
23,19,1378,14,1349,814,3,802
50,31,1348,16,1338,786,20,818
31,10,1355,6,1374,793,3,787
9,45,1339,44,1350,772,15,783
39,34,1361,2,1368,801,36,784
24,24,1361,46,1361,778,27,793
16,21,1336,19,1369,780,37,780
17,29,1369,12,1370,808,37,784
15,40,1335,17,1341,785,36,791
22,26,1337,37,1375,809,32,809
35,45,1364,26,1348,771,15,810
45,41,1379,49,1363,807,3,807
27,42,1338,23,1344,793,24,776
40,25,1360,48,1331,795,1,813
42,0,1357,20,1348,784,10,804
17,31,1345,45,1374,820,24,800
32,24,1352,29,1362,770,42,815
12,20,1364,14,1376,771,22,795
49,27,1359,20,1380,806,7,815
28,45,1380,38,1338,774,50,802
20,8,1370,37,1334,809,40,784
31,40,1369,44,1354,775,32,786
45,32,1344,27,1343,804,44,777
22,3,1351,16,1369,783,34,797
32,45,1339,32,1360,781,45,818
5,43,1342,26,1363,786,6,795
