27,40,1360,45,1360,775,38,792
38,39,1346,25,1334,774,31,805
29,4,1331,41,1330,806,20,783
48,37,1343,35,1350,815,39,808
20,5,1369,6,1346,774,21,811
16,42,1330,38,1350,817,19,777
30,30,1359,24,1332,787,0,779
5,10,1359,17,1350,805,16,784
45,0,1379,40,1351,783,31,818
44,1,1374,1,1345,813,3,772
5,9,1331,8,1334,770,35,818
49,11,1344,38,1343,806,14,807
4,48,1365,31,1330,813,3,779
33,24,1338,5,1374,799,28,811
12,29,1360,27,1342,785,27,805
2,13,1375,5,1338,785,41,790
21,7,1362,34,1330,803,6,801
4,17,1332,37,1342,772,12,780
6,3,1342,42,1353,779,29,787
19,0,1358,31,1377,798,8,791
4,32,1379,1,1373,798,37,814
24,5,1339,47,1337,779,41,811
25,22,1350,9,1369,807,12,814
38,45,1369,4,1335,808,46,802
10,44,1372,2,1341,776,28,783
15,21,1365,46,1367,795,27,789
4,14,1346,30,1372,782,3,804
21,24,1348,17,1355,797,46,816
45,37,1348,18,1379,789,7,782
34,43,1364,23,1376,788,13,781
0,37,1360,23,1338,799,47,815
27,40,1352,44,1371,819,4,778
46,15,1344,28,1376,804,47,816
19,31,1345,23,1376,801,34,804
40,20,1365,24,1378,813,6,791
42,48,1374,42,1378,800,34,772
6,21,1335,47,1379,770,21,786
12,48,1374,8,1367,793,12,798
26,42,1369,4,1334,800,12,788
26,4,1374,38,1372,802,48,790
49,6,1370,10,1345,799,5,778
23,25,1360,13,1364,788,10,814
18,47,1335,37,1340,778,22,773
37,0,1352,15,1334,789,24,800
39,30,1339,37,1357,790,9,788
18,12,1369,49,1338,809,31,775
15,37,1335,10,1379,773,29,787
1,16,1336,27,1372,771,45,794
5,43,1343,12,1338,817,43,770
3,46,1358,39,1355,773,11,799
8,42,1331,19,1355,785,26,793
32,46,1344,22,1359,787,12,791
1,14,1337,28,1366,807,7,770
19,20,1373,4,1364,803,10,804
10,49,1365,13,1356,820,24,770
46,12,1354,37,1360,779,16,773
35,20,1358,17,1336,801,35,819
5,4,1334,28,1341,808,45,819
5,50,1361,0,1360,774,11,789
27,35,1351,24,1350,816,21,810
35,15,1370,39,1361,771,35,790
13,22,1360,28,1368,803,37,800
44,34,1363,46,1348,818,45,819
21,37,1380,16,1369,820,40,800
27,26,1372,34,1336,786,42,782
2,38,1370,46,1374,794,34,793
41,18,1345,23,1341,791,8,788
48,22,1378,26,1364,795,22,809
8,0,1340,20,1342,786,2,815
8,16,1368,19,1347,790,46,779
16,19,1343,42,1376,811,8,811
43,20,1330,19,1341,781,21,818
31,28,1334,10,1376,809,36,793
8,6,1356,38,1336,770,34,786
1,13,1344,28,1356,804,7,820
49,5,1371,24,1359,771,28,799
25,27,1360,14,1378,807,14,817
37,6,1360,17,1357,774,31,804
23,39,1373,24,1354,806,47,813
8,35,1351,7,1364,780,4,791
25,26,1342,0,1348,785,35,809
5,16,1353,13,1354,773,25,809
2,7,1350,23,1338,771,39,782
37,47,1345,16,1339,806,37,806
4,24,1335,44,1350,801,3,801
34,43,1343,15,1352,791,47,820
49,8,1378,24,1345,786,14,809
32,9,1353,22,1376,797,25,775
21,41,1338,40,1379,812,27,795
13,28,1377,7,1364,781,7,815
23,6,1371,3,1380,806,25,816
50,25,1371,36,1345,780,7,801
39,7,1369,41,1340,820,26,820
10,30,1333,34,1374,796,19,815
40,0,1374,17,1337,817,14,814
33,33,1362,41,1353,788,2,777
27,1,1362,30,1378,790,6,802
26,8,1355,4,1372,791,31,777
17,37,1350,42,1378,789,10,791
5,32,1380,23,1373,787,1,773
