45,37,1380,38,1346,774,21,796
7,44,1372,22,1354,781,19,782
13,0,1344,40,1357,819,47,814
10,44,1380,46,1343,797,6,784
29,45,1362,33,1354,773,25,803
16,43,1368,39,1331,819,37,812
5,42,1346,35,1336,817,35,799
26,44,1341,24,1350,807,12,789
1,23,1332,33,1354,791,11,817
35,35,1350,39,1340,794,10,799
33,48,1353,14,1359,815,30,814
0,15,1379,47,1364,792,22,770
19,30,1356,9,1347,820,27,790
43,39,1347,14,1341,810,37,797
4,48,1347,28,1365,803,17,805
3,1,1333,50,1362,785,49,775
19,30,1366,24,1358,797,19,777
49,8,1339,23,1342,805,46,773
15,39,1336,2,1349,771,13,811
20,7,1349,38,1331,787,16,796
5,26,1344,8,1364,782,25,770
36,35,1380,28,1345,795,25,789
34,3,1379,39,1363,786,31,794
9,31,1346,37,1380,805,13,816
28,28,1376,0,1330,785,20,777
29,25,1332,38,1347,776,33,800
18,49,1351,21,1363,770,39,793
30,38,1335,48,1376,785,20,785
7,8,1368,13,1368,796,2,813
49,35,1346,38,1356,776,30,777
2,23,1338,5,1351,777,32,778
23,11,1361,10,1368,779,11,784
26,28,1355,44,1359,815,30,780
0,41,1350,41,1338,790,25,805
21,13,1345,22,1355,783,30,809
18,24,1334,47,1351,781,14,781
41,29,1336,11,1361,801,19,809
33,31,1373,29,1330,814,32,781
27,46,1364,43,1354,818,22,790
7,4,1376,42,1342,803,35,816
47,18,1364,18,1371,796,10,780
1,13,1340,33,1354,776,28,805
7,23,1374,48,1345,790,27,812
31,28,1358,49,1350,800,1,785
20,28,1371,29,1345,791,27,785
27,0,1348,49,1350,795,21,778
13,25,1352,0,1345,790,2,773
44,5,1330,20,1351,798,12,788
37,2,1342,12,1374,796,17,783
10,23,1340,47,1360,785,11,778
2,7,1331,26,1339,778,42,801
39,17,1331,6,1379,804,16,778
32,12,1357,3,1340,778,12,794
26,47,1378,29,1371,772,10,805
19,8,1361,39,1347,796,19,778
28,48,1345,13,1345,796,46,810
42,43,1348,45,1336,799,2,771
29,45,1366,2,1334,772,32,777
38,12,1364,35,1342,801,22,808
32,34,1378,19,1358,805,0,817
13,43,1338,20,1366,790,22,780
12,27,1347,40,1341,791,18,811
30,44,1368,9,1347,788,16,784
48,13,1360,35,1343,785,34,814
30,23,1359,48,1340,814,10,803
7,28,1338,48,1336,806,41,791
34,28,1342,16,1342,800,32,816
28,40,1377,30,1335,792,14,809
25,27,1378,5,1335,795,7,794
50,44,1374,0,1357,820,27,803
30,49,1342,21,1338,807,29,784
11,18,1366,21,1361,795,46,797
2,48,1335,8,1374,805,44,790
36,27,1338,40,1358,794,18,777
37,35,1334,11,1370,784,40,770
20,23,1339,32,1376,803,40,778
45,36,1351,45,1341,817,39,817
32,10,1371,28,1354,773,41,793
5,40,1372,8,1377,792,7,794
18,23,1353,50,1333,771,13,782
50,0,1349,37,1351,799,14,815
44,30,1379,5,1376,817,25,782
4,22,1346,7,1358,799,14,816
7,1,1344,24,1352,782,3,777
14,2,1330,49,1352,772,47,777
49,12,1377,17,1337,779,49,791
50,47,1338,7,1373,779,30,776
20,34,1354,20,1346,785,47,788
8,21,1376,19,1353,781,33,805
30,18,1359,10,1354,810,42,785
18,28,1367,40,1368,799,6,812
34,4,1363,2,1372,790,43,815
14,39,1334,2,1378,786,23,785
17,18,1367,23,1351,780,23,787
34,47,1372,17,1352,789,39,801
34,37,1347,3,1378,774,50,779
33,6,1357,21,1364,771,46,787
10,43,1370,23,1337,776,6,790
26,21,1346,25,1351,812,49,807
10,46,1341,48,1364,817,12,820
