47,33,1343,16,1361,796,18,773
34,1,1333,36,1347,800,47,811
47,50,1372,15,1356,779,1,784
34,6,1356,3,1350,802,10,782
33,30,1354,31,1346,779,42,774
0,18,1332,48,1339,801,36,787
3,34,1345,27,1359,774,40,810
28,14,1361,7,1365,798,16,795
27,9,1358,5,1373,803,20,795
18,35,1360,11,1337,801,29,771
5,26,1366,3,1360,792,10,787
1,1,1340,14,1346,796,49,809
14,7,1359,5,1346,780,4,792
25,20,1340,2,1348,797,46,770
10,24,1331,20,1334,785,34,803
47,46,1363,39,1354,780,19,777
27,33,1368,40,1364,807,7,801
0,50,1372,36,1354,815,13,784
20,46,1332,6,1363,812,38,804
48,47,1371,26,1347,820,6,775
45,23,1338,32,1372,814,25,794
28,34,1369,49,1359,803,48,776
1,36,1343,33,1359,782,20,812
37,10,1348,28,1345,771,46,780
23,31,1347,37,1347,774,0,785
47,41,1337,6,1359,801,43,803
5,40,1358,6,1366,771,43,820
50,5,1330,18,1373,791,26,783
21,45,1376,34,1372,788,25,778
23,42,1353,4,1361,770,12,793
3,3,1344,30,1362,787,26,800
19,0,1346,34,1353,818,2,816
18,43,1357,33,1336,802,1,797
6,38,1366,29,1372,779,17,818
27,7,1361,6,1337,784,42,786
29,28,1372,0,1374,782,23,787
24,2,1374,6,1374,798,32,780
32,23,1336,0,1365,802,26,784
50,33,1354,10,1342,804,39,811
40,4,1378,11,1349,796,48,796
36,38,1375,46,1365,815,2,789
27,30,1335,0,1335,791,13,774
37,42,1353,28,1346,810,35,773
35,18,1354,21,1376,786,20,819
44,11,1369,15,1352,801,23,780
31,35,1371,10,1353,803,24,789
7,24,1351,48,1349,789,32,771
41,17,1348,9,1364,785,10,808
3,7,1337,41,1379,810,10,797
27,19,1368,30,1380,808,24,771
50,28,1370,44,1356,773,7,817
18,1,1333,29,1346,780,20,777
8,11,1356,20,1342,802,10,816
18,13,1359,19,1354,813,45,794
40,31,1351,46,1355,804,36,804
16,35,1379,21,1366,772,30,780
49,3,1372,10,1348,816,29,816
28,30,1380,3,1362,772,15,787
30,34,1335,38,1340,797,35,778
6,14,1376,25,1359,778,47,815
13,37,1369,12,1335,819,44,810
2,6,1340,1,1366,786,11,807
42,29,1359,17,1335,775,5,816
22,45,1371,15,1349,782,3,807
10,39,1363,47,1343,771,1,797
14,0,1367,34,1370,770,48,818
44,16,1343,2,1377,809,39,781
39,22,1370,21,1362,791,9,814
6,44,1369,49,1353,770,36,777
13,26,1352,9,1345,818,13,784
3,24,1377,50,1358,774,15,816
5,18,1349,14,1368,772,11,786
18,43,1355,50,1330,819,10,801
19,23,1380,45,1358,782,18,772
49,41,1347,47,1375,788,8,781
47,10,1374,28,1349,790,44,775
46,29,1330,50,1331,791,21,806
29,45,1346,12,1350,814,41,800
25,8,1368,8,1343,782,2,790
36,45,1341,39,1347,784,29,778
11,24,1331,31,1357,803,6,776
21,20,1367,46,1346,772,27,799
11,11,1358,24,1344,804,25,799
21,18,1351,10,1364,779,40,786
21,47,1345,23,1360,777,13,814
24,15,1368,31,1370,817,3,819
36,30,1376,1,1330,805,5,802
47,21,1352,2,1343,783,19,817
43,22,1360,15,1351,801,1,792
47,49,1332,44,1335,799,44,774
8,33,1364,20,1378,780,21,797
44,3,1349,18,1349,779,15,809
36,24,1341,38,1358,774,13,815
38,46,1344,8,1333,812,32,820
24,6,1377,15,1361,813,3,810
1,47,1336,38,1364,793,24,786
28,9,1360,29,1363,809,50,783
33,21,1354,25,1359,800,42,781
48,42,1369,14,1361,792,40,784
6,24,1334,45,1332,817,27,778
