5,33,1337,7,1344,809,8,783
21,29,1377,24,1332,786,7,815
17,43,1331,30,1346,770,18,791
1,40,1351,7,1362,804,47,812
25,24,1373,31,1361,779,5,809
18,36,1365,2,1378,800,22,799
24,2,1376,3,1364,788,46,801
4,3,1371,49,1337,778,10,794
31,50,1353,32,1335,771,26,789
39,5,1342,23,1366,786,24,788
0,11,1358,16,1365,791,1,774
33,39,1373,41,1378,814,20,796
26,2,1378,27,1353,805,26,806
1,44,1333,28,1348,812,32,806
23,41,1372,43,1340,774,49,808
5,25,1332,38,1378,812,3,782
16,16,1374,41,1368,808,4,771
30,18,1341,9,1372,813,37,782
5,45,1331,32,1367,777,3,772
7,12,1336,19,1359,812,7,798
36,15,1366,19,1346,815,30,790
41,33,1368,47,1366,807,11,789
24,30,1332,15,1348,812,21,790
19,18,1344,25,1345,793,2,792
1,40,1350,0,1332,807,8,794
9,43,1363,32,1374,793,22,812
33,38,1366,39,1339,788,24,779
44,8,1345,37,1359,812,25,782
4,10,1346,35,1341,779,36,798
50,9,1334,38,1377,786,3,813
31,41,1336,49,1356,777,48,778
25,41,1356,8,1374,810,38,816
35,41,1357,10,1375,770,39,782
8,22,1365,47,1376,816,41,811
19,8,1357,22,1363,787,3,791
6,22,1354,4,1373,811,41,783
32,36,1341,25,1346,772,13,773
30,11,1357,23,1358,775,6,783
7,14,1350,13,1377,790,8,780
8,50,1339,14,1371,795,12,785
14,6,1345,8,1333,819,31,802
22,49,1338,12,1336,800,27,772
36,41,1334,43,1378,784,3,806
29,46,1368,18,1365,810,8,807
42,42,1333,21,1344,812,14,779
2,33,1375,21,1375,799,37,783
5,48,1373,13,1369,816,9,808
39,11,1367,41,1344,809,11,799
19,47,1377,15,1376,779,4,783
41,25,1345,49,1356,798,47,780
47,7,1351,33,1346,820,34,819
5,22,1364,21,1380,773,15,782
48,36,1351,38,1377,773,32,808
9,25,1378,4,1378,814,9,793
43,15,1350,37,1355,791,33,804
30,22,1344,27,1360,806,6,784
10,17,1374,29,1340,814,6,775
20,34,1347,12,1341,808,43,799
17,38,1372,22,1365,772,2,780
25,36,1379,32,1379,771,16,778
5,28,1358,47,1331,792,50,772
34,50,1373,36,1361,798,36,797
23,3,1340,34,1353,818,9,796
24,31,1346,35,1331,791,40,777
40,49,1347,1,1357,772,20,792
6,0,1365,40,1337,812,13,803
2,8,1377,28,1332,796,34,780
25,17,1344,26,1357,813,33,796
11,19,1340,20,1360,773,25,800
46,25,1371,29,1332,818,0,810
10,2,1333,21,1335,793,47,803
37,21,1337,40,1370,786,33,777
42,34,1369,2,1352,804,43,806
15,25,1340,45,1378,815,41,813
16,42,1380,37,1332,773,37,813
10,25,1344,37,1333,820,7,788
44,44,1350,18,1369,816,46,797
25,7,1345,16,1332,777,47,771
3,2,1369,46,1359,790,40,791
33,36,1370,40,1337,789,50,804
27,17,1352,3,1366,790,2,772
28,21,1379,35,1356,810,21,795
7,39,1339,46,1360,794,37,817
20,22,1343,15,1365,777,29,793
35,48,1343,5,1362,816,26,813
48,9,1358,25,1362,819,6,820
17,6,1340,13,1371,783,3,813
6,16,1341,31,1357,786,37,771
28,38,1374,43,1370,814,49,784
27,11,1377,9,1353,811,35,802
32,27,1340,12,1362,779,17,795
12,11,1333,45,1362,800,49,775
14,5,1363,32,1340,771,5,795
2,36,1339,33,1355,772,0,801
44,44,1339,14,1365,799,26,800
20,45,1336,27,1370,806,23,808
31,45,1367,26,1379,770,34,794
47,3,1332,39,1375,808,21,793
33,31,1363,11,1350,792,12,798
46,24,1367,13,1379,778,34,782
