20,7,1358,44,1353,774,4,810
22,37,1342,17,1352,784,15,789
47,5,1330,36,1371,791,3,796
29,29,1380,21,1345,778,30,783
39,38,1367,29,1333,801,34,800
49,42,1379,41,1355,807,47,795
50,35,1348,47,1372,808,11,797
10,46,1358,49,1334,781,18,790
28,42,1335,8,1351,814,21,817
48,45,1350,49,1361,801,9,803
20,30,1352,43,1363,794,5,805
12,3,1375,39,1345,777,49,818
4,25,1337,46,1365,804,6,770
50,47,1365,42,1332,798,15,781
33,46,1346,18,1353,817,23,778
35,44,1373,7,1350,793,31,810
34,26,1372,49,1356,804,5,787
12,37,1357,46,1355,783,21,792
8,8,1370,23,1337,813,33,796
22,32,1348,20,1360,777,36,797
40,1,1356,19,1378,815,46,776
34,50,1359,14,1333,813,9,803
42,7,1367,1,1371,820,33,784
15,12,1331,39,1369,783,31,798
46,26,1364,4,1357,809,46,777
31,50,1366,0,1349,809,9,799
20,27,1351,16,1354,778,18,798
19,44,1354,23,1355,770,46,814
39,21,1355,25,1344,793,1,794
32,47,1364,26,1359,776,21,799
35,31,1343,2,1379,788,42,785
50,31,1376,46,1350,820,42,774
4,43,1361,14,1336,785,13,813
37,33,1363,44,1354,810,6,798
44,49,1376,38,1370,773,33,795
35,11,1336,2,1331,819,5,792
33,42,1373,38,1379,820,26,771
49,19,1340,48,1358,818,11,803
2,0,1343,32,1355,777,18,789
37,19,1335,40,1344,818,0,776
24,35,1364,8,1341,812,3,790
4,8,1371,4,1370,783,21,786
32,32,1335,13,1371,784,12,805
5,7,1373,5,1359,770,27,806
7,39,1354,35,1331,809,21,785
23,9,1372,1,1359,817,12,778
36,25,1343,25,1373,801,12,784
44,49,1379,6,1345,811,6,796
45,3,1363,33,1350,790,10,809
29,7,1352,12,1341,816,4,797
23,27,1336,18,1362,806,41,783
3,32,1374,21,1360,782,33,787
5,16,1330,2,1331,816,29,780
8,1,1341,46,1376,796,47,809
50,21,1340,48,1331,787,44,819
7,36,1378,42,1341,803,28,798
30,22,1345,46,1343,806,30,801
43,39,1333,16,1368,820,45,808
48,11,1340,48,1368,781,24,785
45,5,1376,8,1372,816,41,800
13,45,1341,37,1346,802,47,783
26,25,1366,26,1373,815,46,775
20,26,1376,11,1366,781,24,788
48,49,1330,7,1363,787,9,802
6,6,1380,24,1357,791,39,795
14,9,1371,44,1353,791,11,781
7,6,1341,48,1358,782,3,819
4,41,1358,8,1373,793,0,777
49,15,1378,36,1365,774,37,794
46,6,1337,23,1342,806,9,809
46,50,1355,15,1340,787,3,807
33,45,1340,35,1380,797,7,789
26,7,1372,43,1330,772,42,794
43,8,1356,30,1341,810,29,812
49,10,1346,31,1357,794,11,777
31,16,1378,29,1371,818,37,810
18,34,1334,37,1335,781,5,814
47,21,1332,24,1372,809,15,774
36,3,1343,1,1338,791,35,775
7,6,1349,41,1369,817,1,783
4,14,1358,17,1376,778,45,771
36,11,1337,16,1359,791,36,786
33,5,1360,8,1367,791,13,812
17,49,1373,16,1347,815,13,782
24,40,1379,47,1332,780,18,773
16,19,1349,27,1347,780,21,774
41,34,1371,13,1377,782,48,791
21,7,1348,15,1374,796,38,791
15,23,1331,12,1336,801,49,803
41,18,1372,11,1358,773,33,812
34,48,1358,11,1341,805,6,772
26,0,1364,6,1333,820,20,798
0,36,1359,31,1330,804,28,815
47,15,1355,33,1372,789,49,776
50,49,1330,49,1330,816,10,786
30,46,1369,21,1340,774,27,780
14,11,1371,36,1358,793,18,819
44,44,1363,17,1364,810,20,801
45,23,1364,1,1380,793,44,770
46,20,1360,13,1359,792,14,809
