5,40,1348,10,1341,786,42,798
10,12,1332,20,1346,808,16,819
35,42,1347,50,1339,792,0,774
43,47,1360,45,1353,776,34,812
10,13,1380,39,1368,779,20,784
0,24,1337,16,1371,800,12,783
50,15,1380,1,1337,807,5,771
0,20,1354,24,1378,799,16,814
31,28,1366,25,1362,783,33,820
49,22,1379,37,1347,816,45,782
17,25,1375,47,1337,792,41,805
20,25,1354,35,1343,795,32,776
21,19,1332,18,1360,794,33,803
42,26,1349,6,1355,783,4,815
21,17,1367,23,1372,789,39,814
13,49,1366,23,1348,777,36,797
50,26,1366,9,1336,778,1,770
1,35,1363,6,1353,796,10,776
23,33,1363,22,1335,806,38,814
29,31,1334,22,1332,794,3,780
15,18,1349,28,1353,778,35,807
30,35,1357,49,1379,788,19,773
27,2,1348,42,1367,794,45,819
23,44,1354,8,1369,794,8,775
27,16,1339,33,1357,770,36,801
20,42,1363,27,1376,808,23,817
5,38,1379,41,1345,820,7,797
45,17,1332,4,1358,776,8,803
8,50,1367,42,1374,806,10,799
16,1,1340,19,1356,776,7,796
24,37,1361,20,1343,792,24,807
47,30,1340,45,1351,815,42,779
8,29,1370,36,1372,783,27,777
18,40,1343,42,1376,780,20,770
26,39,1346,24,1342,798,30,798
49,30,1359,41,1369,794,42,783
33,26,1362,5,1357,777,12,810
27,1,1351,36,1342,780,21,796
44,29,1343,43,1359,814,35,780
14,7,1379,18,1332,797,7,786
3,19,1332,7,1373,797,36,788
32,32,1355,25,1369,771,18,817
23,19,1350,40,1339,771,48,785
14,48,1348,19,1346,804,50,780
49,7,1332,32,1379,778,18,781
42,0,1348,0,1356,770,35,776
7,41,1348,24,1372,808,23,780
39,31,1350,13,1355,802,31,811
30,40,1377,4,1353,781,11,805
31,26,1333,22,1377,817,23,811
34,47,1334,0,1333,770,12,820
5,1,1372,33,1365,790,42,817
5,41,1338,50,1361,775,43,774
3,37,1369,24,1339,778,33,782
8,49,1370,21,1359,783,18,820
35,33,1352,22,1367,803,29,777
15,39,1339,9,1336,815,43,814
31,16,1353,5,1359,772,14,815
7,5,1354,34,1345,816,30,772
29,37,1377,33,1375,799,1,796
23,45,1349,7,1361,785,41,817
21,5,1350,25,1373,806,4,778
14,44,1348,21,1379,776,32,773
35,34,1346,11,1372,786,37,771
26,19,1333,19,1370,788,32,811
2,5,1344,26,1348,777,42,796
8,2,1376,7,1330,791,48,800
24,39,1343,50,1336,775,10,819
49,25,1369,2,1338,785,37,816
27,17,1347,19,1354,786,46,803
0,2,1352,14,1363,796,26,778
33,34,1367,12,1379,820,13,798
25,39,1351,12,1377,816,46,807
11,28,1341,24,1368,814,10,816
26,35,1374,14,1352,801,43,794
34,18,1349,28,1343,792,4,781
35,42,1347,15,1367,808,7,799
20,26,1344,5,1373,802,42,794
50,27,1330,50,1379,796,46,799
20,13,1338,0,1361,798,25,806
32,2,1366,7,1366,781,15,810
7,38,1366,14,1347,777,3,780
30,34,1367,17,1354,785,48,804
8,8,1345,29,1338,776,2,790
1,23,1331,10,1361,818,13,817
5,45,1345,18,1353,794,19,800
46,37,1375,24,1340,816,13,801
5,45,1338,11,1337,803,39,788
35,32,1367,17,1362,806,13,790
12,12,1366,19,1368,793,8,776
28,22,1378,31,1364,817,8,777
8,23,1377,2,1352,806,47,779
37,27,1347,10,1330,803,7,773
24,0,1365,37,1352,816,3,804
5,25,1343,37,1354,807,26,811
15,19,1373,41,1335,808,34,786
14,10,1352,45,1372,802,23,778
47,31,1350,14,1348,781,16,815
35,49,1363,35,1341,773,6,802
44,2,1359,38,1346,781,32,799
