34,28,1330,43,1378,786,40,788
42,42,1364,9,1377,797,44,779
27,46,1358,16,1379,778,29,790
30,45,1378,50,1358,773,32,777
25,4,1348,38,1377,772,42,795
43,48,1356,47,1367,780,1,805
20,23,1349,20,1359,796,43,796
33,15,1372,24,1372,818,25,793
8,41,1378,40,1352,813,9,808
25,23,1332,43,1341,804,24,813
37,11,1366,38,1360,771,32,820
16,49,1368,46,1378,817,47,778
3,3,1379,41,1349,779,27,789
2,4,1342,27,1346,777,15,798
48,41,1380,43,1377,819,40,786
27,8,1361,43,1334,795,31,815
46,28,1365,16,1352,775,44,772
37,22,1346,23,1350,786,32,776
45,7,1339,36,1373,813,15,813
37,26,1379,46,1334,789,26,808
42,15,1377,23,1371,801,42,794
33,35,1355,32,1340,780,27,789
12,1,1378,3,1338,796,29,784
43,4,1341,29,1343,796,39,794
48,6,1350,25,1378,799,45,786
8,13,1348,33,1347,772,31,785
15,15,1341,5,1350,816,19,801
2,4,1336,9,1330,778,4,807
49,30,1348,40,1357,770,30,781
11,42,1349,41,1359,777,7,800
28,2,1358,44,1365,785,22,808
41,9,1362,38,1371,811,12,817
45,36,1345,35,1340,815,4,798
43,31,1365,35,1364,791,8,794
2,49,1368,34,1369,805,23,799
50,11,1344,3,1332,786,20,790
3,20,1348,35,1359,814,35,784
16,16,1379,28,1363,813,27,814
20,22,1336,47,1351,793,7,778
29,11,1350,47,1353,793,35,776
15,0,1353,17,1365,807,34,812
10,28,1368,16,1356,801,30,803
44,22,1333,1,1377,804,47,778
1,23,1359,17,1331,773,5,811
18,39,1374,41,1357,812,29,819
11,9,1335,17,1343,805,46,789
48,50,1354,19,1360,789,20,815
35,35,1374,30,1335,820,32,795
36,24,1374,22,1369,800,30,790
2,31,1349,28,1354,817,23,808
34,48,1346,6,1379,777,39,811
34,37,1335,5,1354,803,17,783
20,37,1345,4,1359,793,0,805
8,16,1346,28,1350,818,30,774
26,38,1330,44,1353,796,49,811
15,45,1377,3,1356,779,41,779
1,5,1377,1,1373,774,19,814
22,4,1379,14,1372,771,31,783
45,13,1334,15,1365,778,32,770
23,30,1368,39,1335,812,20,797
21,3,1364,10,1346,807,30,815
29,26,1364,36,1354,795,17,799
39,24,1336,36,1359,782,14,770
18,18,1353,40,1332,785,28,796
13,42,1334,21,1351,813,19,787
16,17,1333,24,1337,789,12,783
34,47,1355,6,1335,776,11,774
25,19,1352,27,1332,794,40,806
34,22,1360,37,1337,770,18,788
39,43,1370,47,1343,819,35,790
27,16,1379,40,1342,805,48,814
42,10,1347,37,1371,770,16,811
50,15,1353,7,1345,793,16,798
30,40,1355,37,1379,820,41,805
28,8,1349,8,1366,816,50,816
48,33,1362,48,1346,791,36,805
34,11,1375,12,1376,806,45,781
50,34,1347,44,1376,798,46,796
30,34,1352,43,1366,812,9,809
15,9,1357,31,1345,812,18,796
43,25,1336,50,1377,788,37,807
34,13,1358,38,1370,791,45,820
47,25,1360,0,1370,818,11,780
8,22,1366,28,1380,770,22,805
30,32,1372,45,1338,780,40,779
42,29,1376,3,1366,777,20,800
1,44,1346,50,1371,815,41,808
10,41,1340,42,1367,790,38,777
25,47,1342,34,1375,816,43,812
45,1,1335,20,1343,786,32,789
17,14,1378,1,1333,817,4,787
47,50,1354,0,1365,787,39,790
22,44,1369,34,1373,799,19,818
9,47,1341,4,1338,813,31,787
29,2,1365,24,1358,791,47,782
14,20,1374,0,1344,774,39,820
31,30,1345,44,1345,777,8,783
24,8,1366,30,1350,777,39,792
34,24,1349,8,1347,810,3,796
30,18,1338,43,1338,778,32,819
