46,50,1346,14,1359,817,21,805
45,24,1365,16,1378,787,21,780
16,40,1352,29,1358,797,29,794
3,28,1347,5,1339,818,1,792
1,5,1368,23,1331,777,16,795
43,16,1342,24,1371,783,24,807
28,2,1372,43,1366,795,7,781
33,17,1371,22,1378,812,32,777
46,1,1358,25,1345,820,48,806
0,1,1339,42,1331,779,26,820
25,13,1375,24,1376,795,15,777
23,50,1344,48,1330,812,42,786
39,45,1355,11,1369,771,46,774
2,29,1347,12,1335,808,2,792
0,26,1365,35,1332,788,43,809
4,24,1334,47,1350,808,29,819
25,47,1357,22,1370,783,30,790
12,20,1367,48,1339,799,40,794
35,6,1334,4,1365,788,44,802
20,37,1333,25,1379,818,27,807
27,36,1354,7,1347,783,3,780
14,35,1341,22,1358,808,5,788
29,0,1352,26,1344,801,18,803
45,24,1361,28,1379,772,10,771
9,24,1350,49,1378,813,23,798
25,2,1367,39,1353,805,31,784
8,29,1337,34,1351,807,25,788
26,40,1364,19,1338,777,5,779
46,20,1331,44,1343,772,34,804
29,5,1355,9,1332,820,32,793
40,26,1352,28,1357,797,19,808
24,37,1356,28,1341,786,13,812
17,18,1336,23,1355,817,21,797
45,35,1336,23,1356,798,29,780
34,33,1371,6,1337,797,8,793
46,23,1344,18,1351,802,16,792
19,37,1360,5,1334,802,35,790
45,34,1340,44,1366,799,12,770
4,47,1360,13,1352,782,44,771
36,17,1337,13,1348,792,47,819
22,24,1335,6,1369,798,3,815
7,24,1367,40,1377,795,42,796
27,24,1353,38,1374,777,19,793
36,16,1341,27,1337,812,24,784
6,39,1361,1,1340,793,1,773
13,0,1344,49,1335,787,47,785
1,6,1334,46,1332,805,1,770
14,30,1338,28,1379,780,48,776
22,50,1363,3,1365,778,39,793
25,24,1363,36,1339,773,47,776
16,27,1378,37,1333,795,1,784
9,24,1332,35,1336,785,40,796
44,50,1360,16,1349,809,35,812
16,30,1366,16,1351,796,31,788
36,8,1375,1,1369,790,4,783
50,37,1346,11,1378,773,7,815
50,25,1346,7,1334,783,24,810
49,35,1348,29,1335,796,13,777
18,20,1372,20,1338,796,9,778
11,41,1352,11,1357,773,36,806
20,36,1362,9,1340,800,14,808
45,9,1332,14,1378,774,37,781
37,18,1372,17,1376,812,16,776
27,8,1330,25,1378,818,15,799
45,21,1354,32,1377,791,46,780
21,13,1346,4,1359,787,3,802
34,44,1332,21,1341,806,8,782
2,35,1369,35,1378,787,38,783
29,28,1369,2,1366,803,44,778
48,46,1346,15,1340,816,47,814
0,39,1355,43,1348,782,28,810
23,34,1349,46,1352,800,32,798
20,48,1348,16,1342,772,17,780
22,30,1357,37,1336,799,28,811
3,7,1332,4,1331,787,37,799
1,3,1345,29,1355,787,23,777
10,29,1331,2,1339,814,50,802
50,4,1364,33,1365,803,5,811
50,11,1374,41,1344,818,19,820
47,36,1360,47,1344,776,30,800
28,27,1375,39,1374,804,40,776
22,23,1369,18,1375,777,4,793
34,41,1337,43,1380,814,27,794
1,48,1363,14,1360,785,6,814
13,3,1366,49,1348,818,24,798
28,2,1349,1,1336,799,3,789
16,23,1380,33,1358,785,43,820
35,44,1361,32,1332,791,28,774
41,13,1378,19,1330,808,11,818
13,43,1360,49,1342,809,27,815
13,10,1344,3,1333,804,32,790
17,43,1365,2,1332,811,9,785
21,49,1376,0,1379,774,15,783
16,40,1343,14,1335,789,1,792
22,42,1369,28,1370,804,6,791
11,8,1342,13,1351,790,32,770
41,1,1340,40,1379,804,43,803
48,34,1366,25,1352,787,47,771
36,6,1348,39,1346,811,47,814
21,40,1345,28,1345,776,29,777
