28,42,1354,38,1374,778,33,791
37,39,1344,33,1358,817,22,776
2,4,1369,40,1369,778,7,799
34,36,1370,12,1344,780,43,811
38,3,1356,39,1372,814,50,817
17,38,1331,24,1376,784,12,804
24,41,1366,36,1340,773,34,807
7,29,1378,15,1345,804,19,776
22,4,1365,32,1335,801,27,794
26,21,1350,34,1369,809,21,803
23,25,1373,3,1362,808,32,786
13,48,1369,11,1364,789,5,800
3,2,1363,49,1350,785,46,776
35,4,1342,21,1352,811,1,820
18,26,1375,0,1358,801,1,800
10,29,1366,27,1372,807,16,792
20,14,1336,3,1366,816,38,818
25,9,1351,5,1336,788,22,792
30,22,1331,14,1345,770,43,799
21,20,1337,24,1341,812,8,788
2,25,1340,36,1338,803,5,772
34,20,1335,35,1334,774,6,774
37,18,1373,11,1334,798,17,783
20,29,1373,39,1372,782,25,786
22,14,1335,47,1349,788,49,778
4,18,1343,6,1341,786,21,817
50,7,1362,4,1371,809,13,806
46,35,1372,41,1356,770,20,794
16,43,1341,12,1360,792,31,782
31,26,1344,39,1335,799,38,810
14,19,1331,9,1335,816,45,778
44,50,1378,0,1371,815,41,782
13,48,1337,41,1379,799,13,779
35,14,1376,50,1337,776,16,817
11,18,1363,13,1363,791,20,798
22,7,1364,2,1345,789,39,782
22,18,1351,50,1340,773,35,770
17,36,1366,27,1355,819,33,787
45,29,1378,38,1349,777,26,773
50,44,1341,10,1375,791,28,814
43,10,1379,19,1334,786,12,804
24,5,1349,20,1368,805,49,775
41,36,1358,24,1375,774,37,786
30,6,1349,43,1350,815,7,773
10,7,1334,8,1345,794,43,782
27,34,1370,45,1348,779,3,776
23,4,1370,20,1337,785,15,808
20,21,1366,11,1379,775,29,770
47,4,1376,22,1334,783,0,779
30,32,1358,21,1332,814,13,795
17,10,1339,32,1359,790,23,775
31,7,1348,41,1370,775,39,810
24,28,1369,28,1349,780,18,799
47,7,1360,27,1338,816,23,797
17,33,1371,15,1347,780,6,813
26,17,1360,45,1332,812,33,815
9,20,1377,40,1368,813,0,813
24,42,1357,11,1374,793,15,820
43,3,1348,13,1342,794,26,783
42,33,1341,32,1347,782,33,811
30,50,1371,23,1367,774,37,816
31,5,1379,49,1358,783,15,802
21,11,1367,32,1371,805,16,819
0,42,1374,11,1358,773,8,782
14,44,1352,28,1365,808,37,806
39,21,1331,34,1342,801,25,775
8,5,1347,48,1369,771,22,781
47,13,1345,5,1373,802,8,772
47,2,1364,48,1355,817,37,798
21,2,1362,49,1341,785,0,796
7,47,1343,30,1379,808,47,774
29,22,1363,7,1378,808,43,818
40,49,1375,18,1370,792,19,799
12,46,1342,37,1349,796,50,801
18,39,1342,0,1370,786,35,788
46,50,1350,7,1343,771,42,775
38,40,1351,13,1368,811,3,793
36,7,1366,31,1339,819,42,805
17,26,1344,7,1364,779,5,786
50,15,1373,17,1355,810,11,810
43,7,1377,24,1351,806,34,788
6,13,1368,11,1347,798,49,793
15,39,1359,44,1357,811,45,820
40,8,1368,10,1379,789,5,813
1,25,1351,49,1368,776,46,788
21,41,1363,8,1367,794,14,819
14,36,1368,43,1367,799,35,812
15,42,1340,12,1367,796,33,801
9,15,1340,1,1351,811,1,810
36,34,1340,35,1373,795,10,783
37,20,1338,19,1333,775,18,776
46,33,1350,45,1345,772,16,801
21,14,1358,41,1366,817,10,804
27,39,1335,44,1330,790,20,814
26,0,1370,6,1353,810,4,802
4,31,1334,24,1349,795,3,786
35,36,1333,11,1352,778,38,815
13,22,1360,3,1337,791,30,789
11,37,1360,18,1341,803,30,783
33,40,1376,41,1372,791,32,773
