7,41,1375,6,1371,777,43,795
26,16,1362,18,1335,814,0,780
1,49,1330,39,1379,802,50,783
21,14,1348,50,1333,776,1,793
36,27,1330,7,1368,783,46,773
34,2,1331,45,1375,800,48,795
35,1,1332,23,1358,802,9,818
1,48,1363,34,1331,804,22,812
14,19,1336,32,1351,782,1,785
25,41,1360,15,1367,799,4,770
8,46,1365,43,1339,809,19,776
39,15,1342,5,1349,778,18,795
22,31,1331,39,1371,774,25,791
7,16,1335,10,1333,782,41,819
9,1,1374,37,1371,809,12,814
24,3,1338,19,1379,806,25,810
22,41,1333,47,1353,771,34,794
24,34,1332,25,1373,802,37,787
50,21,1334,0,1351,772,30,780
39,22,1369,37,1335,820,0,804
22,32,1369,32,1364,796,50,792
16,2,1353,24,1372,775,12,778
21,6,1364,42,1337,809,46,796
1,29,1370,32,1348,777,46,802
12,44,1361,0,1367,783,14,800
40,4,1368,45,1373,797,11,819
29,33,1339,16,1366,792,50,816
39,6,1361,3,1330,820,12,788
32,23,1364,31,1380,779,21,802
17,32,1369,14,1347,784,12,787
23,14,1336,0,1338,814,5,779
24,43,1345,32,1368,802,34,778
13,44,1366,43,1334,807,31,811
28,0,1333,13,1343,786,27,770
30,33,1332,35,1363,771,32,819
25,21,1340,41,1372,803,25,807
36,7,1351,38,1353,799,2,813
3,8,1331,41,1344,792,36,819
38,11,1376,37,1343,780,28,820
45,47,1379,43,1354,795,22,814
43,12,1338,0,1330,776,12,804
45,13,1378,4,1379,796,36,791
11,47,1355,44,1340,789,37,783
50,40,1359,30,1330,814,11,779
5,10,1341,36,1342,799,0,782
8,30,1374,0,1336,813,35,808
11,26,1365,17,1350,779,30,807
8,3,1341,49,1333,801,15,812
17,26,1352,49,1347,810,44,800
27,26,1367,47,1379,809,20,779
28,41,1354,6,1363,811,39,819
0,50,1373,39,1362,782,48,817
11,46,1351,9,1376,800,26,805
12,18,1336,25,1369,819,48,794
40,50,1369,48,1372,802,3,771
31,15,1333,0,1349,792,45,783
0,28,1359,30,1380,810,37,788
46,37,1345,22,1355,808,35,802
45,3,1337,8,1347,775,39,812
0,1,1330,33,1351,805,17,800
17,2,1338,45,1357,772,30,803
26,48,1339,38,1370,807,15,818
41,9,1365,0,1374,786,33,771
47,17,1339,41,1379,815,13,810
16,4,1351,41,1354,810,38,806
31,19,1336,30,1378,789,9,772
44,18,1331,38,1343,818,24,796
27,41,1369,41,1353,818,44,820
50,46,1333,10,1335,784,36,784
41,48,1345,17,1355,782,8,818
42,34,1341,23,1367,791,49,809
24,29,1375,35,1339,817,45,820
35,0,1371,47,1368,802,17,804
50,13,1359,11,1359,808,14,818
18,49,1352,5,1333,813,27,797
45,0,1339,6,1362,818,21,776
17,32,1373,48,1338,817,2,798
35,17,1379,41,1346,772,35,810
49,37,1336,13,1339,809,17,813
23,27,1350,25,1342,810,35,811
0,26,1354,33,1332,814,4,796
35,5,1352,33,1343,792,27,782
6,26,1364,28,1372,787,25,780
18,14,1370,17,1366,772,2,808
13,7,1337,38,1344,813,49,800
23,40,1359,5,1352,800,28,784
2,38,1375,46,1355,801,22,802
27,40,1355,27,1359,819,33,800
44,16,1376,32,1349,812,33,793
10,10,1360,49,1336,773,45,800
10,40,1330,25,1379,781,31,772
13,12,1369,46,1374,812,32,811
21,36,1373,43,1378,787,41,781
29,31,1375,37,1379,791,42,779
33,2,1336,16,1334,807,8,788
27,2,1342,21,1364,770,17,812
17,29,1335,12,1356,786,30,820
45,48,1344,4,1337,771,41,789
32,31,1336,4,1331,784,6,817
44,1,1377,11,1348,804,41,782
