46,0,1343,44,1354,813,15,770
32,5,1335,41,1344,786,26,799
21,1,1376,15,1358,786,16,777
5,21,1374,12,1372,775,0,796
28,32,1379,15,1341,783,27,808
13,40,1338,29,1332,774,7,802
7,32,1361,8,1367,788,0,820
19,8,1341,15,1349,814,31,789
40,18,1367,9,1348,808,21,820
2,2,1367,43,1349,819,35,788
44,11,1359,16,1334,810,18,776
40,9,1332,18,1371,798,25,795
3,42,1366,23,1348,798,1,788
38,14,1369,15,1366,772,22,820
39,7,1347,43,1380,782,20,773
40,6,1378,37,1357,812,1,799
40,29,1334,31,1335,784,17,806
4,46,1333,17,1373,785,14,776
22,5,1368,28,1340,775,22,786
38,3,1336,12,1352,784,12,787
40,45,1342,29,1370,813,45,795
49,50,1380,40,1337,808,33,816
32,3,1344,5,1332,813,38,772
46,47,1380,16,1378,771,35,813
10,35,1353,9,1370,813,36,794
2,8,1341,42,1341,803,28,791
11,7,1334,1,1342,799,14,800
42,25,1377,6,1331,800,27,792
48,16,1340,34,1337,803,38,812
37,14,1361,34,1362,801,15,807
45,15,1348,23,1356,785,12,806
19,7,1355,35,1339,791,6,817
6,10,1331,49,1352,809,50,798
43,12,1363,0,1373,782,47,806
25,6,1373,4,1360,794,47,812
2,5,1380,14,1334,795,6,809
41,46,1363,15,1334,797,44,813
50,26,1379,18,1336,785,23,796
35,24,1372,45,1362,817,16,803
11,32,1349,5,1354,802,23,785
30,2,1366,35,1332,796,50,772
1,43,1345,17,1369,818,2,804
16,32,1343,30,1351,804,47,818
24,43,1332,19,1365,776,7,774
0,49,1346,44,1356,770,11,795
1,1,1352,34,1359,775,26,817
13,31,1367,23,1365,818,46,807
8,0,1331,38,1345,820,34,799
6,14,1350,15,1342,808,31,806
21,12,1378,0,1379,772,34,797
38,22,1338,2,1376,799,4,808
28,4,1365,14,1374,779,44,782
10,47,1338,28,1380,820,38,776
41,13,1354,48,1366,779,3,809
30,28,1331,40,1354,787,40,787
11,26,1356,26,1371,818,34,801
40,25,1342,43,1367,791,12,814
4,30,1356,18,1380,799,48,797
22,4,1342,4,1334,815,36,795
47,7,1352,11,1369,802,41,770
14,2,1336,36,1331,787,5,792
40,29,1353,36,1353,770,5,777
33,41,1377,15,1379,791,20,781
41,7,1355,48,1345,778,41,786
25,26,1355,17,1339,786,25,777
36,42,1367,47,1332,795,31,803
41,39,1334,16,1334,786,44,771
11,22,1332,46,1355,804,16,800
47,43,1337,48,1370,819,36,778
16,29,1358,44,1348,770,7,811
46,28,1375,2,1361,814,36,815
46,34,1338,43,1374,811,43,814
17,4,1372,4,1375,772,46,786
33,10,1364,34,1349,777,43,803
19,15,1353,15,1344,813,41,816
43,10,1367,50,1344,783,29,784
46,24,1375,12,1374,798,24,808
28,50,1360,35,1375,793,0,782
50,15,1347,13,1371,775,14,785
31,1,1355,14,1335,781,29,777
35,47,1336,23,1330,803,17,775
2,39,1331,9,1335,814,27,799
47,41,1364,17,1350,790,8,777
25,16,1375,34,1331,794,45,776
24,3,1363,20,1363,806,38,806
50,48,1379,9,1332,791,45,797
22,16,1339,31,1340,793,38,784
9,35,1351,42,1331,803,41,790
0,24,1345,47,1367,781,35,805
24,21,1368,32,1332,814,48,770
12,31,1355,41,1375,773,28,774
21,25,1354,25,1366,820,20,795
26,17,1347,14,1368,809,1,795
7,14,1340,16,1355,783,11,776
6,40,1363,0,1345,771,43,810
47,24,1333,24,1333,810,5,785
6,13,1369,16,1339,775,29,804
10,4,1352,45,1348,816,13,786
38,36,1364,20,1333,778,13,789
27,6,1363,23,1359,776,3,810
