1,1,1338,12,1373,775,13,783
35,3,1348,3,1356,817,21,791
26,39,1374,38,1349,777,39,811
40,18,1347,44,1336,818,29,788
30,32,1367,12,1367,778,31,779
2,33,1350,47,1342,808,33,785
39,20,1349,42,1359,817,49,779
10,20,1366,39,1341,800,47,796
41,9,1365,19,1370,772,21,817
4,45,1342,41,1373,780,15,778
38,5,1350,40,1338,776,10,786
24,47,1340,36,1358,793,42,785
40,10,1340,29,1356,787,9,791
32,40,1337,19,1377,809,17,804
18,12,1365,17,1339,786,45,804
32,11,1348,1,1349,789,9,810
44,2,1341,49,1350,803,50,786
0,15,1335,28,1347,793,17,783
48,49,1339,32,1337,771,27,811
50,44,1361,36,1376,789,17,790
4,11,1346,7,1369,778,30,783
43,14,1366,7,1351,789,27,809
25,15,1332,43,1371,819,22,780
22,1,1337,44,1377,797,16,794
6,7,1340,19,1374,811,8,805
48,23,1366,44,1364,798,2,798
1,16,1350,29,1367,813,46,783
6,47,1379,43,1357,798,46,770
38,37,1364,32,1361,804,42,813
10,18,1353,39,1334,791,12,805
5,2,1364,5,1341,783,16,773
18,18,1337,23,1332,808,27,789
6,19,1343,27,1367,798,24,808
38,40,1334,24,1343,800,47,801
50,44,1374,47,1369,788,38,794
41,12,1341,30,1332,794,38,785
41,25,1351,0,1332,801,43,800
15,22,1359,13,1372,779,41,801
8,30,1361,25,1371,772,12,770
31,4,1340,41,1333,814,24,815
48,0,1360,21,1379,809,44,810
46,7,1369,33,1374,817,40,802
2,18,1347,27,1358,793,11,782
14,12,1368,13,1350,816,0,773
23,46,1369,5,1336,814,14,793
38,43,1333,28,1334,810,14,791
30,30,1378,47,1371,785,23,819
17,24,1360,27,1339,774,46,794
12,14,1376,46,1377,805,42,780
28,39,1374,6,1357,803,0,811
45,50,1345,44,1334,780,15,791
35,22,1356,14,1341,771,37,819
14,6,1344,2,1355,775,1,797
12,39,1366,6,1363,815,29,809
3,10,1371,21,1356,798,5,794
30,10,1364,42,1379,795,37,789
34,14,1351,49,1338,791,1,820
30,34,1343,40,1376,787,43,784
41,41,1330,45,1376,803,13,811
19,48,1361,1,1368,798,14,817
27,42,1349,37,1344,790,16,771
13,23,1357,2,1365,811,12,798
15,12,1335,20,1379,815,16,811
9,0,1348,41,1358,794,13,795
15,6,1351,9,1363,812,20,781
9,41,1342,28,1331,783,3,775
18,16,1348,31,1339,792,49,812
12,13,1369,29,1372,816,0,811
21,41,1360,36,1332,777,0,775
21,43,1350,44,1359,818,15,785
46,39,1334,24,1331,776,42,815
0,31,1365,25,1348,774,35,814
5,2,1362,6,1352,794,15,795
22,25,1337,2,1335,782,3,779
25,23,1374,36,1372,772,9,789
7,37,1372,4,1351,816,47,772
27,32,1349,14,1347,817,8,819
1,11,1337,14,1361,817,38,800
45,20,1368,3,1368,781,8,777
16,14,1359,40,1339,781,10,788
48,18,1355,50,1353,787,41,779
40,10,1355,39,1348,798,2,812
4,34,1377,43,1370,794,12,808
41,8,1354,26,1373,818,9,815
2,1,1335,1,1349,775,25,820
38,45,1375,7,1343,795,14,802
27,50,1347,41,1370,816,42,773
20,39,1344,30,1337,818,19,770
0,43,1355,19,1338,782,32,817
24,31,1342,33,1370,818,42,790
29,49,1368,32,1364,782,22,770
34,43,1365,13,1341,816,14,809
38,30,1377,36,1351,772,37,801
28,37,1338,41,1339,791,7,782
9,50,1338,9,1342,810,20,820
12,49,1350,8,1340,810,38,804
16,34,1330,1,1362,791,4,799
26,42,1333,37,1352,812,36,782
29,40,1360,49,1350,784,19,811
29,9,1343,24,1356,803,49,780
