5,3,1365,7,1350,776,38,776
28,42,1372,47,1360,792,40,775
26,2,1364,40,1355,771,20,774
35,3,1360,22,1380,798,12,783
29,30,1358,45,1356,804,29,782
0,15,1363,2,1347,810,3,810
42,28,1347,27,1346,776,6,791
22,5,1359,17,1352,794,47,809
40,3,1337,12,1332,782,23,774
23,19,1375,45,1331,796,18,791
2,29,1362,23,1347,816,29,815
46,3,1339,5,1335,814,31,785
16,31,1332,18,1363,794,44,793
5,23,1352,13,1333,794,22,800
22,27,1333,0,1354,810,31,811
10,20,1379,17,1349,789,19,814
14,31,1358,16,1376,775,41,783
19,11,1350,10,1356,820,3,784
5,40,1352,17,1353,809,37,771
16,46,1331,24,1339,788,23,808
2,3,1343,15,1348,809,18,811
7,44,1333,9,1345,811,48,779
10,20,1380,6,1366,776,35,795
7,16,1362,45,1370,793,34,806
16,31,1331,42,1377,793,26,795
29,33,1347,32,1335,783,45,801
9,1,1331,11,1376,792,20,803
45,32,1346,32,1346,788,28,804
23,5,1365,14,1369,793,31,794
7,30,1357,17,1356,812,30,801
42,15,1354,15,1371,799,25,780
11,50,1378,27,1347,809,48,778
4,11,1342,1,1340,780,34,776
32,45,1380,1,1351,772,37,786
27,3,1365,12,1370,799,11,780
37,18,1336,13,1337,786,12,809
32,49,1348,4,1378,820,6,782
1,50,1380,44,1350,809,49,811
10,7,1341,24,1338,803,19,804
48,33,1364,8,1373,797,21,774
8,42,1346,11,1355,798,50,795
12,21,1371,41,1332,774,41,801
17,23,1367,40,1357,802,50,781
15,32,1359,26,1363,783,12,808
21,45,1330,32,1364,798,34,792
14,37,1330,43,1367,793,2,797
35,19,1375,17,1341,820,43,806
6,39,1346,2,1336,779,42,779
9,2,1366,6,1351,807,38,792
16,13,1366,2,1374,777,44,816
29,15,1363,6,1333,787,49,807
35,20,1346,14,1340,775,9,784
45,45,1336,37,1361,789,30,810
2,9,1346,3,1354,805,19,790
19,31,1336,39,1350,795,13,816
8,16,1361,20,1344,809,2,816
15,35,1352,4,1355,797,8,785
32,38,1372,12,1366,791,9,794
29,29,1362,14,1361,770,36,781
46,12,1372,17,1352,800,22,813
27,22,1363,17,1356,813,24,818
37,48,1355,26,1344,770,2,785
49,22,1376,37,1345,817,49,790
17,28,1366,9,1354,799,0,792
48,50,1361,15,1372,788,22,796
34,39,1346,32,1358,818,26,785
13,9,1364,22,1370,803,26,807
13,10,1366,19,1341,803,33,773
10,28,1340,18,1364,806,19,791
41,22,1378,29,1366,814,25,783
0,41,1370,14,1354,820,15,808
23,39,1356,29,1364,789,8,815
5,44,1375,10,1365,794,46,805
14,14,1336,22,1340,777,50,791
26,5,1353,34,1331,786,45,792
18,35,1346,45,1350,787,31,775
3,44,1380,39,1369,781,10,778
2,47,1347,8,1367,785,6,779
6,47,1359,20,1356,777,39,790
11,17,1354,24,1366,808,45,770
13,26,1334,42,1377,780,3,774
0,1,1334,24,1348,810,35,798
36,47,1347,13,1371,805,16,789
5,37,1366,38,1338,796,30,774
20,35,1351,0,1349,779,22,813
19,38,1364,25,1339,806,33,771
21,10,1374,42,1375,799,22,798
42,49,1368,12,1374,802,29,788
30,34,1369,33,1370,807,6,802
24,43,1337,37,1341,789,34,770
48,19,1361,50,1350,783,12,806
30,13,1372,36,1375,814,8,798
36,8,1368,41,1334,791,10,810
15,18,1346,24,1364,774,48,787
16,39,1340,0,1370,798,13,807
11,21,1340,22,1336,813,5,816
36,26,1357,35,1357,815,18,796
40,15,1380,10,1372,810,11,774
5,18,1333,30,1350,781,30,776
36,33,1369,10,1357,780,38,780
