44,37,1349,15,1330,818,50,777
37,43,1339,47,1359,789,31,788
50,30,1370,0,1365,789,34,789
31,47,1347,27,1368,801,23,785
34,20,1335,15,1371,806,26,780
32,30,1372,42,1377,783,29,804
36,3,1362,48,1362,800,41,774
29,12,1379,33,1335,772,39,784
26,20,1353,27,1375,798,26,789
40,46,1358,6,1352,805,11,800
2,12,1343,24,1330,820,31,783
4,36,1352,5,1348,791,42,810
29,27,1369,46,1332,809,1,801
0,42,1362,20,1357,805,33,770
29,27,1332,32,1372,808,44,815
20,7,1338,43,1364,815,47,815
29,38,1330,19,1333,779,20,794
42,37,1367,37,1365,777,3,811
37,13,1333,33,1367,817,24,782
22,45,1360,35,1358,781,22,808
21,30,1349,24,1374,799,17,810
20,18,1359,33,1376,788,39,770
15,32,1330,49,1342,811,29,814
25,45,1347,33,1370,778,1,804
49,22,1371,35,1372,784,16,820
5,8,1378,36,1351,790,2,816
45,26,1370,16,1332,775,46,783
16,13,1339,37,1376,815,1,786
34,25,1340,6,1334,791,42,771
37,8,1372,16,1380,781,1,796
36,37,1334,20,1342,795,0,814
11,10,1354,12,1342,820,19,801
49,4,1333,41,1364,796,36,770
13,37,1339,42,1348,792,44,820
44,0,1341,3,1373,780,0,794
36,10,1334,0,1346,785,29,815
36,41,1335,17,1358,777,46,811
37,34,1373,47,1378,781,8,779
19,25,1357,2,1344,818,23,818
14,24,1379,43,1371,819,35,779
32,22,1341,0,1337,800,5,791
45,42,1353,36,1357,790,0,813
5,1,1340,8,1365,791,40,799
33,11,1365,18,1332,779,28,770
48,14,1379,20,1357,816,24,810
26,49,1333,46,1354,792,30,806
9,29,1348,38,1336,789,22,811
42,27,1354,29,1362,807,48,786
13,45,1353,34,1339,797,12,775
32,46,1336,11,1343,784,41,785
5,18,1360,4,1355,802,48,786
42,49,1351,18,1353,789,30,795
15,10,1353,43,1370,771,14,798
25,29,1371,42,1379,807,9,779
13,22,1367,21,1363,813,12,789
5,1,1369,19,1366,785,10,813
10,15,1341,32,1350,795,3,817
36,21,1356,19,1367,775,19,797
20,6,1371,42,1372,804,28,815
19,27,1346,14,1370,801,46,811
18,36,1331,5,1350,817,4,807
50,22,1363,7,1353,818,22,773
44,6,1350,31,1369,807,34,798
27,22,1358,1,1341,813,23,788
10,28,1346,6,1365,806,12,812
31,49,1372,26,1363,806,41,784
36,5,1378,1,1338,797,50,802
36,38,1363,50,1377,819,14,820
38,14,1346,38,1360,779,21,806
0,43,1365,14,1354,793,6,780
23,47,1356,34,1359,792,9,793
18,23,1349,0,1360,806,6,796
14,26,1346,47,1330,802,41,810
36,7,1364,1,1339,808,5,813
24,33,1345,46,1340,815,45,788
3,37,1368,35,1352,779,37,819
33,0,1365,16,1377,778,48,806
20,46,1344,0,1340,770,46,816
17,21,1365,50,1338,771,43,788
41,19,1374,32,1368,792,18,818
25,6,1333,34,1380,776,8,792
44,20,1373,6,1373,796,28,776
33,39,1332,23,1370,806,36,793
23,41,1330,50,1369,820,25,805
31,5,1380,2,1373,794,39,813
32,33,1361,49,1370,772,37,810
37,10,1339,48,1339,803,2,816
32,21,1378,22,1336,788,5,775
31,37,1367,27,1341,782,45,771
18,1,1378,45,1342,785,11,815
22,41,1330,39,1351,781,44,793
49,37,1380,33,1372,787,38,770
13,25,1351,39,1369,772,40,792
49,20,1371,21,1333,803,22,804
18,36,1353,49,1369,805,1,788
50,12,1344,41,1376,781,16,808
4,19,1369,36,1355,783,1,790
7,17,1340,42,1364,791,24,818
43,44,1371,18,1345,797,45,779
40,18,1378,19,1331,773,43,820
