4,2,1332,43,1350,794,32,781
37,33,1351,24,1379,799,30,806
26,47,1369,19,1337,772,2,796
16,15,1356,14,1340,813,25,773
44,16,1374,47,1335,793,42,806
31,37,1368,25,1345,786,14,770
44,21,1369,4,1362,773,27,797
46,49,1374,24,1373,809,9,813
22,27,1375,46,1356,799,3,796
6,43,1356,39,1333,819,30,814
50,43,1378,41,1378,779,25,787
37,2,1362,10,1336,810,44,780
15,32,1372,12,1351,785,23,781
24,21,1343,27,1353,771,11,771
12,3,1361,6,1361,816,38,787
49,35,1365,12,1368,795,5,819
8,1,1372,5,1331,793,49,798
11,11,1342,27,1349,771,49,791
21,43,1361,41,1362,792,2,776
42,32,1340,6,1332,817,7,781
32,36,1375,11,1362,788,43,813
20,17,1338,38,1379,814,41,772
9,6,1379,42,1338,813,30,811
32,43,1347,4,1367,783,39,790
47,43,1368,34,1332,810,20,785
10,0,1352,47,1330,818,45,793
15,34,1363,7,1344,818,42,775
16,40,1334,42,1336,785,6,782
14,24,1352,22,1355,778,47,785
43,10,1345,46,1353,784,34,787
16,23,1332,13,1331,793,9,793
37,1,1373,38,1377,775,25,811
12,38,1374,40,1347,795,35,810
20,32,1334,9,1344,809,20,819
8,39,1354,29,1341,799,19,770
13,14,1332,24,1337,782,43,779
43,49,1348,42,1334,796,38,788
8,21,1374,8,1355,772,11,771
28,28,1373,43,1351,810,47,815
31,16,1358,37,1347,791,29,811
44,18,1364,29,1378,793,0,771
26,2,1334,11,1373,795,40,819
5,29,1368,3,1340,803,46,800
38,24,1347,28,1364,812,48,793
26,41,1353,11,1332,783,10,793
50,28,1358,19,1375,781,12,780
18,21,1354,5,1364,813,2,797
6,4,1357,33,1352,790,1,784
17,21,1360,6,1377,776,11,811
30,40,1350,17,1372,781,10,781
33,31,1379,13,1348,787,20,818
25,19,1378,8,1348,781,47,814
20,37,1361,39,1358,818,17,783
47,8,1361,43,1330,795,49,804
38,3,1352,16,1374,775,43,807
35,0,1354,13,1337,794,22,778
19,11,1375,4,1352,786,9,790
25,26,1340,3,1362,777,28,812
37,14,1371,32,1336,803,35,792
34,32,1336,21,1373,793,0,770
5,25,1349,7,1332,796,42,776
31,10,1351,27,1332,790,32,799
49,1,1352,5,1331,779,42,784
3,21,1330,18,1335,801,29,818
21,38,1350,49,1344,820,28,808
41,27,1376,11,1356,773,13,770
4,28,1357,4,1334,774,31,803
30,42,1353,47,1380,812,35,770
7,25,1367,36,1375,773,31,786
39,20,1370,3,1354,790,1,820
45,49,1339,5,1347,818,3,813
13,17,1373,36,1333,789,8,775
12,17,1364,23,1351,819,21,784
27,23,1373,1,1368,813,45,783
27,43,1364,5,1368,800,3,807
17,42,1355,41,1355,775,48,808
48,48,1378,18,1352,774,38,781
50,33,1375,42,1373,794,33,790
33,20,1360,16,1356,771,4,808
48,14,1354,18,1332,810,42,791
47,24,1361,26,1355,807,0,818
24,26,1370,20,1340,779,34,784
9,2,1366,50,1339,806,48,800
17,1,1355,0,1366,801,13,811
50,19,1355,8,1357,789,31,820
12,13,1375,30,1357,807,21,792
45,33,1364,13,1367,797,35,790
38,26,1371,4,1354,813,18,805
50,46,1343,2,1355,794,11,820
40,15,1379,29,1363,797,32,776
45,39,1331,40,1369,780,17,776
13,25,1332,50,1342,802,22,788
49,12,1367,30,1371,785,46,785
13,31,1346,48,1371,819,49,789
40,18,1361,26,1333,793,39,806
26,33,1374,44,1371,807,19,804
41,13,1353,22,1353,806,21,801
23,26,1365,34,1370,777,50,814
1,37,1366,37,1342,812,15,779
29,38,1379,26,1358,808,36,819
