39,13,1353,18,1374,807,49,819
2,19,1376,30,1338,816,33,813
6,20,1374,40,1347,777,9,813
45,40,1344,31,1366,782,35,816
19,29,1366,9,1332,805,14,802
41,47,1343,20,1373,799,29,805
40,12,1374,24,1346,820,29,813
23,37,1348,30,1333,789,20,778
50,1,1334,25,1334,788,6,798
28,42,1348,42,1378,806,0,790
32,29,1345,37,1351,795,1,784
11,49,1359,1,1349,791,49,806
47,27,1374,36,1373,803,28,819
36,48,1339,33,1356,808,19,817
26,28,1335,2,1333,805,0,782
29,38,1362,17,1337,820,4,794
45,40,1333,46,1353,800,24,792
4,48,1333,32,1362,788,23,803
23,17,1340,13,1361,772,0,816
42,17,1341,14,1343,776,26,776
39,8,1352,39,1360,793,20,813
26,18,1367,31,1353,795,43,790
17,8,1359,25,1353,803,10,818
5,42,1333,17,1352,807,41,818
31,3,1341,4,1338,792,10,779
7,18,1362,9,1356,782,39,779
15,49,1361,43,1342,809,10,801
7,15,1348,23,1364,778,32,806
22,5,1347,15,1332,784,50,791
5,41,1343,50,1373,813,35,774
25,28,1379,49,1340,788,42,801
28,44,1361,16,1330,808,19,777
7,50,1334,6,1373,803,41,785
33,36,1346,50,1336,791,7,797
12,46,1378,10,1344,810,7,777
24,34,1336,25,1338,811,2,803
13,29,1330,14,1336,790,24,772
41,43,1373,5,1368,815,38,782
16,44,1350,32,1348,812,23,809
46,0,1348,16,1347,812,40,783
21,2,1376,28,1335,817,1,775
16,6,1348,9,1356,814,27,772
41,9,1337,31,1371,813,48,809
48,33,1351,38,1350,804,35,810
42,23,1331,13,1357,775,33,804
9,4,1380,6,1342,778,31,812
45,3,1354,36,1335,782,17,801
35,49,1335,15,1361,820,40,781
31,33,1330,23,1352,775,31,804
49,10,1347,37,1367,809,46,816
45,21,1345,19,1371,790,19,809
31,39,1349,18,1369,815,25,790
43,18,1358,17,1336,774,45,807
13,42,1378,21,1354,775,47,774
4,17,1344,28,1332,817,31,772
50,21,1358,5,1367,785,21,786
50,8,1373,13,1369,771,36,790
49,16,1372,30,1330,814,19,782
21,11,1377,47,1344,790,32,797
9,4,1361,44,1375,797,13,782
21,18,1330,48,1350,787,24,809
21,10,1358,47,1351,776,21,792
34,35,1344,32,1362,782,11,786
2,16,1333,10,1359,809,40,807
13,3,1356,36,1372,808,5,809
39,19,1370,43,1342,790,49,795
5,10,1333,36,1340,772,26,800
11,29,1340,40,1332,808,16,773
1,13,1374,30,1339,807,3,816
18,34,1350,47,1361,804,9,803
10,37,1379,22,1380,779,33,772
35,32,1348,23,1338,795,2,795
12,1,1368,8,1375,793,25,819
43,17,1377,49,1334,782,49,781
40,5,1376,11,1350,787,18,806
27,9,1365,34,1375,778,6,798
44,25,1342,48,1339,771,1,771
3,10,1360,1,1366,796,16,814
30,8,1341,30,1377,785,7,796
0,35,1357,27,1356,806,14,787
0,8,1333,25,1371,785,20,788
10,30,1354,29,1345,810,21,794
7,30,1344,12,1340,807,35,798
38,18,1337,9,1377,809,49,783
47,8,1357,43,1339,810,10,796
44,46,1373,0,1352,794,4,782
21,23,1346,21,1344,772,48,802
16,24,1371,26,1341,790,40,802
34,41,1333,2,1347,807,23,771
28,25,1363,21,1371,781,5,780
2,17,1355,22,1370,792,17,791
13,21,1353,29,1375,818,6,795
39,38,1365,39,1357,814,20,782
15,44,1361,45,1334,806,8,788
10,35,1343,49,1365,798,8,809
44,16,1361,29,1335,786,48,806
46,50,1359,41,1336,774,24,780
8,39,1363,38,1359,776,9,770
15,21,1370,11,1360,771,18,818
17,34,1362,12,1353,786,34,779
