26,2,1340,14,1332,787,13,795
17,49,1370,34,1362,790,16,770
25,33,1350,27,1330,808,0,808
38,46,1336,14,1335,812,22,806
47,28,1347,42,1378,808,25,776
6,15,1330,18,1333,772,48,819
14,18,1358,13,1342,815,6,816
23,3,1370,27,1379,807,9,798
20,32,1336,47,1368,803,50,799
34,20,1355,29,1346,810,31,820
31,43,1349,23,1344,774,17,811
46,26,1347,22,1358,815,0,807
24,2,1353,33,1347,779,22,811
32,9,1346,32,1345,819,17,819
6,27,1346,22,1373,787,38,781
23,50,1331,19,1335,783,40,801
5,12,1370,26,1339,819,30,805
24,40,1345,15,1349,807,11,813
2,48,1365,29,1360,813,18,770
28,30,1377,16,1348,794,23,803
47,42,1363,23,1364,791,29,809
10,34,1342,22,1358,778,37,791
30,22,1338,48,1371,779,49,785
16,19,1338,26,1340,785,15,789
13,24,1371,28,1349,791,15,790
45,34,1336,27,1335,776,34,814
1,17,1365,24,1358,777,43,805
13,17,1365,46,1330,778,33,793
8,29,1350,3,1361,814,30,773
10,15,1360,38,1348,804,47,800
32,46,1336,11,1341,785,7,805
4,22,1340,43,1333,811,34,782
27,49,1362,35,1368,785,9,806
7,7,1371,26,1332,788,48,819
29,38,1336,37,1345,812,10,809
25,3,1380,42,1334,814,38,797
43,28,1367,36,1350,807,0,800
49,34,1338,20,1345,799,7,805
14,44,1336,7,1378,812,9,778
19,7,1368,31,1331,813,44,798
12,35,1358,29,1336,781,33,786
27,50,1356,32,1338,801,18,777
47,8,1354,23,1344,793,22,812
20,34,1344,17,1367,816,34,793
28,33,1376,33,1374,787,41,818
48,29,1371,8,1347,789,50,808
0,10,1350,42,1333,806,42,811
14,23,1333,32,1343,814,32,773
15,48,1379,41,1332,819,34,773
10,46,1330,30,1346,774,42,794
26,25,1339,44,1377,804,17,815
8,43,1374,36,1356,818,16,777
30,39,1372,24,1361,819,43,770
28,11,1371,39,1359,795,19,779
33,30,1342,34,1376,795,48,775
27,6,1369,22,1330,785,1,773
28,27,1360,19,1379,816,4,814
20,31,1377,1,1364,772,36,802
44,12,1331,50,1331,807,16,788
18,8,1364,28,1330,779,22,785
30,18,1337,45,1334,818,25,818
30,24,1334,12,1351,777,26,772
10,14,1374,21,1375,782,18,800
2,3,1343,6,1332,794,46,813
28,41,1380,41,1344,775,46,794
16,31,1357,46,1354,812,10,798
4,22,1357,39,1380,814,41,810
0,21,1336,12,1369,811,25,792
33,10,1376,29,1370,794,50,805
11,17,1332,50,1356,775,45,774
4,22,1345,33,1354,801,24,793
30,17,1341,24,1364,785,9,773
28,29,1357,13,1375,799,42,799
6,49,1363,18,1332,802,35,813
46,37,1376,10,1338,815,40,783
26,10,1366,24,1344,812,17,807
50,36,1354,50,1339,804,45,818
16,41,1345,13,1343,792,30,777
36,13,1337,39,1332,817,2,788
41,4,1379,7,1372,781,42,778
22,27,1365,17,1336,771,28,789
34,18,1341,19,1373,798,38,771
21,22,1349,16,1352,797,5,803
15,16,1341,39,1349,810,38,806
3,41,1346,39,1360,782,2,803
2,42,1355,32,1360,774,11,794
1,9,1365,19,1349,812,14,772
3,16,1376,1,1342,819,39,781
10,27,1379,36,1369,776,20,813
30,25,1339,25,1345,820,31,774
21,45,1374,15,1380,810,42,772
49,15,1360,6,1348,780,37,784
34,1,1371,15,1342,795,32,814
18,4,1351,38,1355,814,46,820
14,29,1372,50,1345,811,32,801
38,33,1332,10,1372,820,43,811
3,1,1346,17,1337,801,16,792
21,37,1367,43,1372,811,44,805
17,50,1370,14,1351,779,7,775
6,21,1348,39,1353,804,14,791
