26,32,1335,16,1345,818,21,816
17,45,1357,19,1356,812,5,784
2,29,1360,13,1352,797,20,782
45,47,1340,20,1348,803,29,776
34,29,1364,37,1343,776,43,780
22,19,1379,14,1354,797,37,797
20,10,1371,17,1380,787,20,786
45,12,1368,41,1373,804,12,799
4,28,1361,4,1350,791,32,780
28,48,1341,28,1355,804,23,794
44,2,1358,5,1349,792,38,811
2,47,1344,28,1366,787,5,798
15,4,1341,38,1341,792,2,781
22,32,1360,3,1348,793,0,779
7,21,1354,9,1361,803,23,806
16,38,1335,3,1372,797,30,778
3,36,1338,2,1337,793,31,810
2,5,1367,38,1358,792,47,816
24,35,1338,24,1362,810,19,808
31,4,1368,28,1333,805,15,788
5,31,1347,13,1380,794,5,782
23,20,1336,9,1363,805,0,790
35,48,1371,11,1339,791,36,798
37,5,1380,25,1378,812,34,815
23,37,1364,6,1353,818,27,811
47,12,1345,16,1346,795,21,785
1,20,1341,17,1364,809,48,773
47,29,1374,47,1330,820,22,772
43,0,1370,21,1360,798,43,808
8,0,1359,35,1358,816,45,813
26,1,1358,21,1375,776,22,785
2,30,1354,4,1377,772,17,786
26,18,1360,41,1340,783,33,787
48,35,1339,46,1334,780,5,777
8,11,1361,26,1377,793,28,805
11,15,1337,1,1352,801,4,804
19,10,1335,29,1362,813,30,819
7,49,1367,8,1340,813,5,810
16,9,1353,44,1356,770,19,802
12,25,1360,12,1343,786,34,772
20,2,1331,34,1371,806,44,795
28,14,1337,18,1334,805,7,793
31,6,1331,47,1364,786,34,816
38,11,1337,38,1375,791,48,818
25,19,1330,35,1348,798,17,801
19,1,1377,36,1366,784,1,798
21,38,1349,22,1379,806,4,799
45,21,1358,50,1346,789,11,783
6,16,1358,30,1363,797,43,785
24,45,1336,46,1376,817,35,816
42,42,1364,41,1357,783,46,797
36,40,1375,42,1368,778,11,780
29,37,1341,44,1350,783,23,773
21,15,1348,11,1333,804,4,798
24,24,1361,39,1375,775,26,788
15,45,1349,24,1356,790,20,793
14,20,1338,3,1358,799,20,787
38,7,1371,24,1380,787,45,811
20,1,1369,34,1362,782,17,788
35,47,1380,1,1356,819,46,784
11,17,1379,30,1330,802,38,770
17,1,1379,42,1362,802,5,819
38,30,1373,11,1346,820,8,773
19,33,1370,1,1365,777,2,792
9,34,1343,44,1357,800,26,782
11,31,1378,44,1358,777,42,795
1,36,1357,26,1367,805,9,816
26,8,1347,11,1360,788,28,777
5,0,1334,23,1337,783,46,775
3,39,1357,15,1335,778,17,801
10,22,1369,22,1366,791,43,779
4,7,1374,4,1359,800,42,818
41,38,1368,47,1367,807,31,802
31,21,1341,14,1343,786,4,785
35,23,1335,33,1378,791,6,794
47,8,1348,24,1340,772,47,801
46,25,1356,7,1361,783,39,791
13,46,1371,35,1378,787,50,775
31,3,1346,37,1334,777,0,794
23,43,1366,34,1353,784,25,792
45,50,1349,20,1367,800,22,792
8,45,1330,37,1343,783,23,779
4,30,1347,40,1332,816,40,777
0,50,1330,40,1354,793,42,802
11,46,1358,19,1348,770,1,790
4,47,1373,25,1337,784,29,800
20,4,1351,33,1334,805,43,780
42,0,1372,24,1337,795,24,796
17,34,1378,33,1380,817,39,806
40,4,1339,18,1372,797,14,808
33,23,1339,6,1359,806,33,817
45,40,1375,48,1350,772,22,809
18,41,1352,9,1369,778,35,792
30,18,1363,19,1353,781,1,816
33,14,1353,0,1353,792,32,783
3,26,1338,21,1359,778,30,781
41,13,1337,33,1337,788,12,782
35,41,1365,18,1342,773,8,771
29,1,1338,2,1338,789,33,814
37,41,1372,49,1380,779,1,815
