2,40,1339,37,1374,781,29,788
41,37,1343,34,1367,786,21,813
14,2,1365,34,1344,788,38,806
1,4,1372,50,1368,811,19,789
6,50,1349,29,1330,772,47,805
47,7,1357,38,1363,777,8,784
22,5,1372,31,1362,783,6,792
35,4,1348,17,1368,770,46,795
49,21,1345,8,1336,805,41,788
50,26,1347,49,1362,776,9,803
24,7,1334,1,1358,788,33,815
23,40,1331,34,1337,804,28,787
20,30,1352,21,1330,802,43,787
18,43,1370,33,1367,773,49,772
11,19,1334,13,1351,788,11,811
20,29,1336,44,1336,798,18,820
49,33,1331,40,1356,783,48,787
2,33,1364,36,1331,780,49,770
22,24,1336,26,1380,777,8,799
2,45,1344,0,1341,812,41,808
36,37,1351,32,1333,792,17,790
22,4,1363,16,1344,799,35,815
38,37,1363,42,1369,783,15,771
27,29,1335,34,1373,816,33,818
37,5,1356,16,1354,780,0,814
13,6,1366,9,1353,783,13,772
23,6,1346,49,1371,799,50,802
35,13,1353,26,1347,807,34,809
14,35,1357,29,1380,787,48,819
49,42,1353,1,1378,803,48,773
33,40,1356,2,1331,783,48,820
7,20,1346,17,1361,808,16,801
33,36,1366,20,1358,776,41,805
17,16,1345,3,1376,802,30,808
28,18,1344,50,1376,802,43,818
3,46,1364,17,1347,811,12,794
28,45,1332,23,1354,783,35,818
5,25,1346,49,1333,774,6,814
33,10,1341,2,1343,804,37,809
23,18,1350,49,1378,816,32,800
31,21,1345,42,1366,779,11,797
47,31,1343,42,1342,794,45,778
46,41,1341,47,1342,813,35,787
20,41,1357,24,1371,772,20,810
1,49,1351,32,1348,779,7,784
16,19,1378,11,1335,786,38,789
9,39,1379,7,1350,777,40,787
45,33,1360,22,1332,792,49,793
44,33,1379,18,1365,813,9,772
38,18,1333,35,1336,805,10,772
42,1,1359,15,1353,811,4,815
3,46,1357,40,1375,776,7,780
35,10,1372,45,1356,788,45,808
10,22,1374,1,1359,802,25,811
18,3,1349,45,1345,818,38,789
27,28,1337,25,1360,816,35,807
48,32,1340,12,1352,777,35,780
48,22,1355,28,1369,802,13,770
17,20,1348,20,1348,817,37,797
32,44,1376,6,1371,802,40,812
27,18,1366,26,1334,781,8,814
37,37,1348,2,1363,789,9,805
48,2,1344,14,1347,784,31,784
9,38,1380,20,1338,777,8,809
4,27,1373,21,1364,815,25,798
39,15,1363,12,1379,793,3,806
18,49,1357,33,1344,820,13,805
32,28,1350,34,1352,776,7,813
41,38,1355,40,1334,789,22,788
7,23,1336,32,1340,770,8,811
20,8,1357,19,1333,792,43,799
21,9,1332,29,1332,775,24,796
45,14,1377,8,1375,793,1,783
0,36,1368,34,1363,783,48,801
32,24,1358,26,1378,778,39,815
30,34,1332,19,1339,804,38,813
33,8,1356,25,1351,805,49,772
4,2,1356,2,1340,804,29,820
3,43,1341,25,1351,794,33,773
47,35,1367,11,1354,817,46,806
8,9,1341,31,1353,775,50,816
44,19,1339,23,1339,785,29,799
34,15,1362,48,1373,813,16,779
0,30,1346,33,1342,775,13,818
48,20,1355,21,1356,788,28,810
43,2,1380,21,1347,770,29,772
32,40,1356,22,1366,773,18,820
46,7,1368,28,1343,804,8,786
27,14,1358,35,1370,783,30,791
28,17,1333,15,1330,811,20,787
18,24,1339,6,1377,815,44,792
42,34,1350,6,1374,802,6,790
7,37,1362,20,1380,796,49,810
5,40,1353,12,1330,805,40,785
11,9,1378,30,1356,772,4,786
44,39,1349,44,1337,818,1,771
4,38,1380,7,1379,802,42,807
26,4,1331,41,1338,819,5,812
43,27,1368,41,1337,816,16,816
41,34,1342,19,1338,811,14,774
