19,7,1344,38,1364,812,34,777
0,27,1365,28,1350,811,36,818
4,0,1365,6,1374,775,41,777
48,10,1371,0,1376,781,6,814
27,42,1350,16,1338,796,9,812
2,15,1354,13,1354,771,38,777
0,27,1363,21,1374,789,48,793
33,0,1362,44,1337,806,17,784
10,27,1344,7,1360,788,15,805
41,5,1379,20,1359,804,24,808
11,2,1331,42,1335,801,15,792
41,41,1361,37,1377,786,42,776
11,12,1356,11,1351,783,45,807
44,46,1365,10,1345,806,48,786
22,49,1342,1,1363,785,28,811
46,18,1368,13,1362,809,22,806
44,47,1375,22,1365,799,32,807
9,18,1332,31,1372,815,29,802
3,33,1373,17,1361,802,13,783
20,12,1342,42,1339,790,17,792
48,27,1359,47,1331,810,1,799
39,17,1344,30,1345,776,4,795
32,37,1379,12,1339,816,11,787
30,50,1360,24,1378,807,27,773
32,18,1355,2,1342,804,31,770
1,18,1380,11,1349,772,29,813
8,12,1355,5,1333,804,37,794
48,9,1341,40,1376,810,50,777
6,29,1362,26,1375,777,37,813
42,19,1380,27,1357,788,38,794
16,42,1358,29,1338,819,25,815
25,30,1331,39,1374,805,43,817
1,1,1359,48,1362,801,22,806
44,15,1351,29,1334,813,2,780
27,40,1376,27,1359,793,27,812
34,13,1363,26,1359,776,20,783
35,44,1367,3,1350,786,22,797
26,25,1354,48,1344,787,45,803
10,37,1351,22,1366,804,19,805
1,6,1348,9,1359,795,14,805
8,16,1376,39,1338,781,12,778
38,29,1343,47,1371,801,50,788
37,20,1361,21,1353,814,28,820
35,27,1378,45,1371,800,46,770
18,9,1363,40,1378,772,38,815
29,35,1352,14,1371,807,42,791
7,21,1344,8,1373,813,37,806
8,13,1377,20,1379,796,11,800
16,26,1357,25,1348,785,35,808
18,29,1377,42,1337,792,31,819
0,42,1336,15,1376,784,19,811
8,27,1343,17,1332,791,26,771
27,7,1367,32,1353,786,31,809
0,20,1335,8,1350,819,50,785
45,26,1334,32,1350,819,23,801
9,5,1346,13,1350,785,50,813
31,13,1378,47,1340,792,26,774
19,36,1360,34,1347,807,35,808
43,25,1338,27,1358,801,21,811
9,8,1343,2,1354,795,10,807
22,38,1366,50,1379,811,49,776
40,13,1375,26,1359,812,47,799
36,13,1356,17,1353,806,17,802
18,16,1366,2,1336,789,2,803
38,12,1353,9,1354,820,21,778
6,38,1334,28,1370,777,22,772
35,44,1340,33,1349,808,33,791
25,27,1333,9,1338,781,49,786
49,41,1330,35,1355,812,1,799
6,3,1380,25,1376,782,14,794
49,9,1341,4,1356,770,41,777
10,39,1344,14,1331,816,45,797
9,13,1349,3,1351,781,2,775
31,35,1350,36,1330,803,12,782
4,35,1360,24,1372,787,26,802
43,41,1362,5,1330,772,29,792
38,27,1346,35,1373,774,9,790
41,37,1367,34,1339,774,48,780
47,47,1379,28,1358,818,36,811
31,6,1340,38,1340,778,4,809
13,35,1335,45,1336,775,50,818
42,16,1346,22,1342,774,6,802
48,37,1363,41,1351,811,46,792
3,17,1378,18,1380,793,19,792
1,21,1351,34,1360,785,26,785
3,0,1350,18,1343,818,26,786
10,39,1374,37,1333,815,10,809
8,36,1341,21,1350,785,8,780
29,1,1340,13,1330,786,5,779
19,8,1379,20,1367,794,9,793
8,45,1377,14,1347,794,50,786
3,13,1347,31,1366,773,47,800
40,19,1348,42,1376,806,34,803
46,26,1333,35,1332,781,5,795
6,16,1354,37,1349,791,41,784
44,17,1373,3,1333,817,1,770
3,12,1367,44,1345,785,32,790
25,44,1372,45,1369,804,0,804
5,18,1341,13,1356,818,45,809
20,33,1345,36,1338,818,44,814
