42,22,1331,34,1331,801,18,775
50,16,1364,50,1377,801,5,807
31,25,1345,5,1372,787,26,796
43,40,1356,34,1352,786,46,774
34,32,1332,36,1368,795,27,772
47,0,1367,46,1373,782,24,802
32,19,1342,39,1380,795,42,775
38,12,1371,38,1378,781,41,820
24,39,1330,26,1333,779,3,805
9,1,1363,29,1346,811,0,818
38,19,1339,13,1339,792,10,770
36,43,1377,19,1374,816,10,819
15,9,1379,43,1372,786,6,782
45,13,1378,0,1345,781,11,772
1,29,1333,40,1379,791,23,811
48,5,1378,38,1374,772,16,819
29,31,1372,22,1350,777,18,802
29,42,1334,25,1352,793,37,791
30,43,1331,16,1359,779,28,774
18,3,1380,0,1334,808,34,818
18,29,1350,35,1330,789,10,805
34,6,1372,9,1373,809,37,780
23,0,1380,23,1344,801,19,812
30,44,1351,0,1372,803,21,771
47,24,1366,16,1336,806,34,795
50,42,1353,21,1343,817,35,797
39,24,1355,18,1360,796,13,780
37,42,1351,20,1355,803,8,810
34,29,1366,6,1360,797,42,813
4,10,1357,6,1339,775,29,776
48,15,1372,49,1338,816,45,772
36,31,1376,50,1373,804,28,805
34,9,1356,49,1351,812,6,798
24,42,1339,12,1370,811,3,784
41,25,1355,1,1368,789,37,817
49,15,1343,3,1336,772,36,812
9,24,1364,11,1340,783,5,806
1,39,1334,18,1332,802,45,812
12,48,1379,24,1335,781,49,775
26,49,1374,35,1357,785,36,803
4,12,1361,1,1364,792,8,781
8,31,1344,27,1341,815,4,813
26,30,1346,38,1362,789,29,813
39,33,1377,27,1351,802,45,793
23,17,1348,35,1373,811,47,779
33,42,1337,28,1370,782,21,787
9,18,1363,40,1340,772,4,803
42,16,1336,33,1330,812,44,779
7,50,1359,41,1370,806,25,813
28,21,1349,8,1378,782,49,798
28,32,1331,21,1351,775,43,804
21,31,1360,19,1356,780,17,819
40,41,1354,26,1347,776,3,812
46,6,1370,17,1332,813,5,808
4,38,1374,20,1334,771,42,801
15,27,1333,50,1345,782,21,806
34,21,1337,10,1334,782,46,789
17,48,1330,49,1376,787,48,771
27,29,1348,2,1366,815,39,778
0,50,1369,31,1371,807,48,811
14,44,1373,12,1374,778,41,772
9,7,1354,23,1331,796,35,805
41,19,1355,2,1336,778,18,783
16,16,1332,17,1378,789,2,785
27,16,1370,20,1344,819,47,772
8,19,1371,17,1359,808,39,788
47,31,1369,31,1376,801,39,785
3,11,1367,2,1343,812,2,793
36,50,1345,47,1372,797,5,797
40,17,1347,21,1335,775,20,790
6,30,1373,4,1367,793,9,795
4,33,1340,11,1359,793,21,799
17,15,1336,42,1368,779,16,791
24,0,1375,36,1356,816,35,788
9,32,1368,17,1332,790,46,797
30,30,1374,4,1345,770,5,778
4,44,1360,33,1353,781,21,796
39,46,1370,29,1354,788,19,787
27,37,1334,35,1358,781,9,795
1,20,1349,7,1371,799,49,818
45,14,1344,12,1352,794,38,778
11,8,1379,13,1335,818,7,785
16,29,1363,8,1361,771,28,776
7,29,1352,40,1361,815,17,770
18,13,1359,5,1354,772,50,816
7,8,1331,40,1343,770,9,808
14,37,1372,28,1351,780,25,799
14,7,1364,38,1361,805,42,815
30,43,1380,21,1370,792,18,770
13,42,1364,35,1339,799,4,794
17,3,1346,3,1338,783,4,778
23,33,1341,49,1338,795,9,792
13,15,1331,49,1349,796,32,805
31,28,1361,7,1342,811,30,788
8,27,1341,40,1343,811,0,813
0,28,1364,27,1333,784,18,801
17,17,1366,2,1380,799,8,782
17,48,1336,39,1375,817,34,792
37,16,1367,19,1372,791,21,807
50,13,1336,13,1366,793,15,783
