14,16,1368,48,1371,783,35,790
21,18,1332,38,1340,793,17,795
49,47,1368,13,1351,810,7,817
0,27,1356,36,1353,798,11,795
46,17,1353,41,1363,813,42,801
38,49,1372,14,1333,791,48,811
20,14,1372,7,1357,798,20,813
30,37,1348,14,1378,801,36,782
11,0,1373,12,1343,813,9,774
21,1,1357,14,1338,785,24,817
11,25,1362,16,1333,819,32,802
21,35,1335,47,1357,815,50,796
0,33,1367,48,1348,796,31,794
2,29,1365,17,1335,805,38,778
46,32,1368,21,1371,802,29,781
49,3,1379,8,1363,776,45,818
11,28,1374,17,1332,814,12,809
10,36,1370,6,1361,818,32,794
9,15,1351,22,1352,781,17,797
23,24,1373,37,1369,816,8,792
38,47,1335,8,1349,770,25,813
29,32,1340,21,1370,776,2,790
14,0,1355,27,1359,794,40,809
24,46,1351,37,1379,773,20,792
12,11,1339,35,1342,791,30,817
14,45,1379,50,1361,771,17,807
11,40,1349,11,1334,808,38,805
29,17,1350,28,1331,811,36,774
24,37,1341,42,1335,778,30,806
33,47,1371,3,1359,778,16,775
17,44,1330,38,1347,776,49,810
31,6,1339,7,1338,794,14,794
34,38,1370,46,1365,777,29,772
47,20,1369,25,1341,781,28,804
2,0,1359,4,1379,770,35,775
24,2,1345,46,1347,793,39,812
33,37,1341,49,1336,773,39,792
30,6,1340,29,1352,814,17,787
49,45,1376,44,1366,780,38,815
18,40,1339,38,1348,820,49,773
26,16,1352,45,1332,792,48,781
8,32,1336,43,1362,784,7,798
23,22,1363,33,1372,786,21,800
5,10,1346,6,1370,795,0,810
2,4,1343,23,1342,807,36,820
8,44,1363,6,1369,792,39,811
17,6,1359,28,1346,783,49,814
36,6,1375,19,1375,790,41,770
18,43,1345,11,1340,770,3,784
23,15,1358,25,1337,779,31,816
18,46,1330,6,1335,803,46,799
10,2,1353,32,1333,787,10,815
31,13,1380,35,1373,778,15,812
44,7,1342,29,1333,816,34,775
40,33,1351,13,1361,796,7,802
17,8,1371,32,1362,787,36,793
16,7,1368,9,1375,802,35,808
31,6,1347,40,1365,796,45,808
37,45,1359,45,1379,806,17,778
37,6,1345,33,1337,782,50,770
20,21,1380,5,1350,809,47,775
31,2,1339,30,1353,774,25,806
31,4,1330,21,1362,812,15,786
16,34,1372,35,1370,792,37,785
8,11,1362,17,1379,797,17,794
23,2,1350,19,1366,787,3,781
27,8,1375,2,1336,781,39,802
24,35,1349,1,1349,791,20,791
6,46,1376,4,1378,792,42,795
3,23,1341,20,1345,796,50,817
19,36,1331,50,1344,787,50,771
2,41,1355,43,1368,792,25,789
15,15,1356,45,1366,812,38,809
14,36,1357,26,1342,780,24,815
28,42,1353,14,1338,791,32,772
19,43,1334,12,1360,816,38,795
9,44,1359,44,1370,772,47,790
36,3,1359,28,1361,794,10,811
6,14,1361,31,1363,779,46,772
10,43,1370,44,1349,800,14,793
50,17,1367,40,1380,783,19,793
32,34,1379,29,1364,782,45,819
19,13,1365,46,1354,781,44,812
38,11,1378,45,1364,787,28,792
37,39,1330,8,1355,795,42,798
27,39,1379,5,1369,770,50,786
20,47,1353,28,1332,800,36,806
5,34,1376,25,1345,785,45,775
20,13,1330,1,1363,817,10,810
41,7,1375,31,1341,793,31,799
38,48,1359,46,1354,800,27,794
17,4,1348,2,1359,787,3,786
35,6,1343,42,1344,804,10,812
0,6,1351,44,1336,811,49,793
39,12,1365,46,1371,793,44,782
2,35,1366,40,1342,773,26,807
46,10,1370,44,1366,789,15,795
31,25,1344,46,1361,817,13,814
20,29,1373,18,1352,771,4,817
3,28,1355,42,1331,815,15,807
