49,8,1351,15,1369,771,14,816
18,32,1339,47,1374,816,39,808
48,12,1344,6,1351,787,25,772
9,21,1372,34,1366,820,45,771
41,40,1380,11,1362,813,13,796
35,24,1368,19,1337,818,31,802
44,11,1362,48,1330,771,34,770
42,3,1364,38,1361,802,23,787
12,0,1366,7,1380,808,30,817
16,22,1340,34,1333,789,16,787
0,15,1362,9,1364,782,43,804
16,4,1344,47,1376,794,17,804
27,39,1350,29,1362,795,48,801
46,21,1380,20,1370,818,41,804
15,24,1361,23,1373,779,5,794
50,24,1334,13,1347,799,50,774
46,29,1379,10,1367,792,35,805
50,29,1377,7,1343,775,46,788
47,32,1342,5,1336,803,30,820
36,9,1343,35,1369,818,40,810
42,34,1378,8,1335,771,39,801
43,14,1330,5,1349,785,3,777
16,13,1374,14,1338,813,30,818
49,39,1345,31,1370,820,42,792
21,44,1351,2,1376,791,12,815
30,25,1330,14,1350,771,27,779
13,47,1355,18,1362,809,25,792
10,30,1331,33,1343,776,31,782
11,16,1371,34,1338,813,25,776
45,14,1330,20,1369,800,22,804
33,11,1344,9,1347,806,9,779
41,25,1368,27,1333,797,26,771
40,37,1350,20,1347,779,45,790
15,3,1347,34,1330,787,34,778
15,21,1372,12,1357,804,1,802
27,33,1348,18,1352,816,24,782
45,35,1374,25,1368,782,45,781
24,19,1351,15,1339,777,50,774
41,19,1353,46,1340,794,43,817
23,29,1341,22,1357,816,33,771
0,49,1354,18,1371,783,34,798
43,33,1342,17,1366,790,47,796
7,7,1373,50,1340,801,39,819
22,9,1351,44,1338,779,5,801
46,41,1349,38,1347,770,34,805
34,30,1345,31,1349,785,34,781
28,44,1339,27,1340,779,45,780
18,31,1364,36,1338,809,41,770
10,4,1366,6,1357,783,8,812
39,46,1333,40,1374,779,28,809
4,25,1336,36,1370,802,43,817
46,41,1366,41,1362,787,16,787
50,0,1372,5,1354,800,26,792
11,22,1341,2,1331,783,44,783
31,27,1365,48,1379,789,5,792
26,23,1366,2,1377,775,15,773
31,50,1338,26,1357,778,39,787
24,35,1343,42,1360,816,16,813
28,37,1379,9,1379,783,31,809
27,11,1369,0,1331,791,1,805
25,32,1349,19,1373,777,22,791
48,43,1357,21,1344,785,36,785
37,35,1372,40,1366,803,21,803
15,15,1353,15,1331,793,33,805
46,33,1371,25,1355,800,30,771
29,24,1366,6,1334,811,8,783
36,15,1355,40,1374,795,36,775
32,22,1370,18,1367,785,28,794
32,48,1359,50,1358,790,18,820
50,18,1367,27,1348,776,14,779
18,39,1361,24,1364,813,2,796
3,12,1347,3,1332,807,42,783
7,11,1357,20,1371,805,13,788
3,13,1330,11,1337,781,28,804
36,36,1343,19,1338,796,47,787
37,34,1362,35,1361,805,5,776
10,24,1357,29,1376,803,49,810
19,15,1333,3,1365,802,32,797
17,44,1337,3,1360,811,7,797
25,25,1360,34,1379,772,21,804
45,41,1358,46,1362,808,16,791
1,45,1353,41,1343,790,29,798
34,9,1340,33,1352,789,20,785
16,7,1337,3,1359,809,44,812
32,25,1369,41,1342,796,45,801
6,50,1331,21,1367,797,43,815
36,22,1364,39,1335,801,41,798
47,14,1362,42,1377,813,42,816
20,33,1350,24,1355,808,6,783
40,21,1363,10,1359,779,49,812
28,35,1346,19,1351,775,49,775
30,43,1377,3,1345,797,48,781
23,9,1356,29,1344,816,34,781
33,14,1339,37,1357,794,5,813
12,33,1375,36,1359,788,45,774
26,22,1379,11,1338,793,25,786
14,49,1372,48,1365,800,15,797
31,32,1366,48,1356,771,12,780
19,45,1373,1,1349,811,0,811
7,48,1347,15,1378,805,7,787
