46,5,1368,4,1373,775,43,784
46,32,1371,18,1356,800,23,791
5,23,1337,7,1345,787,38,793
10,44,1361,22,1354,803,39,801
19,38,1351,24,1363,802,49,777
5,42,1371,31,1333,791,46,771
11,18,1374,4,1376,815,20,782
5,42,1375,41,1342,782,12,783
34,38,1364,13,1366,801,32,789
13,32,1331,45,1344,782,27,779
34,12,1342,20,1338,808,39,795
49,35,1352,18,1338,780,14,782
9,45,1355,1,1365,781,11,818
7,41,1331,14,1356,803,22,773
2,46,1346,41,1341,775,24,770
32,6,1356,24,1365,778,9,770
36,18,1377,12,1331,807,40,776
40,16,1350,0,1334,811,40,787
4,8,1342,41,1368,812,43,804
48,39,1363,8,1333,794,32,797
3,21,1366,33,1354,788,0,789
1,34,1367,13,1359,803,10,798
2,38,1337,37,1334,781,23,799
8,48,1343,25,1341,811,17,813
27,15,1365,7,1358,775,27,799
48,41,1373,18,1335,810,34,783
37,3,1380,7,1362,773,7,785
32,0,1367,17,1332,782,41,794
3,6,1336,2,1348,782,14,773
7,33,1373,27,1330,771,28,782
24,48,1336,5,1366,789,31,775
15,12,1334,35,1352,808,49,777
38,25,1334,2,1364,779,7,775
27,35,1358,17,1358,784,33,787
4,16,1371,32,1373,810,44,771
23,11,1330,33,1348,776,14,781
5,5,1376,3,1371,787,5,776
24,45,1364,22,1340,799,9,786
22,34,1370,17,1334,797,32,790
30,40,1356,41,1340,771,10,791
35,37,1350,38,1354,803,25,799
25,46,1334,26,1359,814,9,783
28,30,1333,34,1373,797,24,812
33,30,1348,50,1367,811,35,779
22,25,1349,10,1355,791,25,770
27,42,1349,19,1349,812,44,778
8,7,1332,2,1380,810,44,772
19,12,1353,48,1341,796,37,784
9,25,1351,48,1380,820,46,773
3,22,1373,2,1366,777,17,802
43,9,1338,11,1369,797,25,773
27,42,1341,12,1366,793,49,773
10,48,1348,4,1337,774,8,820
40,5,1363,27,1348,805,37,805
26,41,1335,34,1352,795,21,807
45,38,1353,36,1350,788,3,800
14,30,1345,49,1331,783,15,817
15,3,1342,7,1347,787,43,780
15,15,1368,19,1361,792,49,797
50,36,1336,42,1362,770,4,791
7,1,1361,42,1355,795,37,770
18,18,1358,21,1360,775,30,781
15,20,1332,47,1344,820,44,811
30,38,1333,5,1333,791,14,799
15,26,1359,17,1347,820,39,771
40,24,1345,50,1362,779,31,788
42,10,1359,39,1352,780,14,788
29,4,1368,34,1343,803,24,814
5,28,1341,6,1336,787,34,792
45,49,1367,2,1358,772,36,770
34,34,1352,16,1342,816,15,818
5,3,1346,20,1380,819,36,782
29,21,1341,47,1370,800,9,789
43,28,1336,5,1378,807,35,787
11,21,1338,0,1351,782,32,784
43,41,1365,1,1351,819,47,771
18,22,1355,21,1363,775,43,772
1,19,1354,43,1366,794,15,814
33,2,1331,23,1373,785,30,820
30,36,1340,17,1370,789,40,811
19,9,1337,31,1350,807,35,817
9,12,1374,40,1333,804,45,806
4,39,1369,33,1357,792,14,780
7,19,1338,38,1333,802,37,815
43,38,1339,40,1369,800,50,785
42,35,1351,13,1379,820,17,789
33,47,1366,36,1346,774,21,808
5,47,1348,5,1354,771,15,784
28,10,1342,36,1347,786,30,808
6,49,1347,27,1372,801,45,800
21,29,1366,14,1351,796,33,800
18,21,1333,21,1367,812,13,811
18,43,1343,37,1364,792,40,816
47,14,1376,8,1345,804,3,812
47,35,1343,13,1333,773,21,776
1,40,1377,25,1340,815,19,786
28,24,1356,27,1363,773,45,798
33,2,1338,33,1341,774,9,799
22,12,1347,21,1362,816,44,771
13,1,1353,9,1335,795,19,790
