48,17,1373,4,1338,818,29,777
36,45,1338,9,1374,810,15,817
17,39,1356,48,1342,785,7,803
43,26,1371,9,1361,773,44,812
14,41,1375,21,1343,774,43,808
2,2,1348,32,1340,811,2,800
32,25,1331,27,1347,811,48,794
3,46,1342,32,1351,820,44,779
7,2,1372,18,1356,820,9,780
16,7,1332,28,1339,787,24,779
48,3,1337,29,1340,788,22,814
41,14,1348,23,1364,814,0,770
9,21,1353,26,1371,791,20,814
5,21,1349,12,1368,781,42,791
6,9,1362,40,1368,781,33,820
25,7,1343,10,1367,819,1,793
12,1,1351,48,1333,792,4,799
14,20,1346,50,1376,793,4,780
36,48,1365,0,1361,813,28,820
48,49,1343,30,1356,808,48,781
48,17,1350,32,1338,803,1,800
46,16,1338,27,1351,809,5,770
32,7,1369,28,1344,794,38,799
27,13,1346,35,1355,779,26,770
49,34,1334,45,1366,809,39,805
48,46,1375,25,1338,814,6,776
31,42,1348,17,1360,807,30,790
36,28,1350,41,1344,794,20,797
21,9,1345,5,1352,815,27,816
36,4,1337,43,1367,776,31,776
9,30,1330,0,1377,808,0,790
31,37,1371,35,1365,797,38,814
2,2,1356,24,1357,818,32,784
22,12,1368,14,1348,790,5,805
10,30,1364,24,1378,802,13,820
6,34,1376,32,1350,819,14,770
22,20,1350,7,1342,785,21,820
3,8,1337,15,1335,786,34,806
18,27,1375,35,1362,802,35,809
14,13,1338,24,1342,811,42,807
22,48,1351,15,1338,809,17,783
17,5,1355,40,1344,813,9,790
36,28,1354,25,1363,785,9,787
3,0,1351,46,1335,800,21,779
23,30,1339,18,1340,788,35,777
13,33,1356,31,1371,796,45,809
22,31,1357,32,1340,781,9,784
4,49,1380,23,1372,772,17,771
10,0,1331,1,1345,798,30,786
3,9,1351,29,1346,819,19,807
24,0,1361,3,1345,797,30,788
22,26,1332,2,1377,814,28,802
33,40,1340,40,1368,774,28,815
17,47,1350,17,1338,779,34,820
13,2,1364,29,1353,780,35,791
43,43,1359,12,1336,782,29,776
37,31,1361,42,1354,805,36,801
16,36,1330,44,1340,778,22,788
47,49,1333,33,1330,785,30,790
49,12,1342,27,1349,790,27,792
9,48,1344,36,1365,782,28,798
35,35,1333,18,1331,792,8,781
33,0,1345,30,1334,788,5,778
42,29,1375,26,1379,786,49,787
18,39,1378,5,1332,780,18,799
5,21,1368,24,1366,799,35,804
16,7,1376,18,1368,798,0,773
18,5,1344,50,1376,816,17,774
10,12,1344,48,1341,787,50,772
9,42,1366,28,1354,771,6,788
9,48,1335,0,1345,800,9,808
37,22,1358,6,1356,812,2,812
25,40,1355,6,1371,786,32,787
49,38,1375,49,1342,776,25,770
20,25,1372,7,1368,806,0,801
49,27,1354,31,1346,805,37,808
46,20,1366,39,1347,783,37,797
45,35,1341,49,1362,809,44,804
49,19,1372,18,1366,776,2,790
46,42,1373,21,1351,806,49,798
0,2,1356,31,1364,818,16,799
15,13,1358,36,1358,814,47,791
19,28,1341,24,1345,779,30,808
41,50,1344,43,1372,817,23,818
43,33,1378,46,1362,808,38,798
6,19,1345,34,1370,798,36,791
13,1,1335,6,1335,792,2,813
41,8,1371,4,1345,795,10,801
10,18,1360,16,1380,772,36,773
48,9,1353,18,1365,780,2,787
24,22,1374,6,1352,807,8,815
44,40,1333,5,1365,789,4,783
27,33,1370,41,1360,791,43,787
38,46,1337,40,1363,787,23,783
28,28,1344,12,1364,779,8,786
45,33,1330,47,1343,795,46,775
21,29,1337,47,1365,803,47,775
46,6,1345,30,1378,819,30,819
49,48,1340,11,1373,770,17,819
8,33,1369,34,1377,817,30,814
