42,4,1330,36,1358,776,49,800
17,29,1353,20,1361,791,39,784
30,41,1334,42,1355,819,12,792
35,14,1335,42,1330,805,7,791
32,41,1375,0,1374,786,50,819
35,26,1371,28,1333,776,30,793
2,32,1333,18,1338,791,9,796
19,10,1368,34,1354,773,0,801
4,11,1360,14,1369,804,50,791
22,7,1380,20,1371,773,21,802
0,50,1340,49,1342,795,47,813
23,32,1353,47,1341,805,13,779
4,37,1376,3,1363,771,36,771
10,36,1344,24,1380,789,0,790
44,15,1352,36,1354,817,6,782
3,26,1349,45,1335,818,22,790
11,13,1351,20,1347,808,46,775
22,16,1371,1,1345,804,48,816
22,25,1353,37,1355,798,43,801
22,25,1357,33,1361,786,14,807
16,44,1341,34,1356,797,31,777
0,22,1368,15,1340,801,29,809
16,41,1364,26,1346,777,7,786
44,6,1363,48,1378,815,11,807
26,0,1365,5,1359,804,48,819
14,31,1363,49,1370,811,1,793
6,29,1342,19,1330,800,43,807
40,14,1368,6,1369,798,1,783
50,46,1345,28,1369,771,13,801
3,14,1348,7,1335,789,10,805
30,26,1366,5,1358,801,19,815
50,25,1351,2,1356,789,17,814
27,16,1349,25,1374,816,42,785
49,14,1349,36,1333,782,9,818
21,34,1365,10,1333,803,34,804
36,42,1341,28,1371,808,6,781
43,11,1357,24,1351,774,5,812
41,41,1347,43,1343,808,9,797
14,28,1339,6,1341,814,0,799
17,7,1343,6,1377,797,17,818
35,39,1359,41,1352,815,17,799
37,35,1367,46,1352,796,33,788
9,14,1360,31,1374,788,9,783
47,49,1358,43,1365,773,8,799
21,4,1332,23,1380,814,43,816
11,0,1348,37,1337,775,8,772
35,41,1368,12,1371,793,43,777
26,23,1345,28,1363,803,32,795
43,8,1373,46,1348,773,10,809
1,9,1338,18,1339,806,28,783
2,27,1375,34,1340,819,39,789
43,26,1376,47,1337,816,31,791
28,30,1346,22,1361,815,28,773
39,12,1367,20,1333,772,48,781
37,30,1337,33,1374,816,13,819
27,35,1372,5,1331,815,47,785
35,36,1346,48,1358,812,48,793
44,28,1340,36,1377,777,2,786
17,35,1338,16,1342,818,15,770
2,0,1374,49,1343,797,8,813
13,16,1360,13,1364,771,13,781
22,49,1336,50,1352,796,47,809
13,15,1380,23,1354,795,3,818
1,5,1362,34,1340,802,49,787
19,20,1378,19,1348,818,36,793
26,16,1348,46,1338,812,47,792
5,29,1337,24,1360,782,39,794
42,13,1359,0,1373,772,43,792
48,31,1355,6,1348,777,5,814
12,10,1370,36,1360,807,11,805
33,10,1330,13,1361,793,42,802
27,13,1367,37,1341,809,32,798
16,18,1379,23,1337,818,16,770
41,1,1373,49,1358,777,50,788
45,30,1373,15,1352,816,28,770
48,48,1376,40,1335,790,10,820
0,24,1357,5,1332,819,43,802
37,8,1364,23,1333,819,36,784
21,11,1340,47,1361,781,34,775
4,29,1346,5,1379,776,17,802
29,47,1335,0,1368,790,24,793
1,28,1350,37,1341,771,14,798
7,28,1363,31,1348,788,35,776
33,25,1365,48,1333,813,23,820
36,20,1335,46,1379,783,23,805
29,16,1350,45,1369,773,11,809
11,25,1362,10,1351,807,4,791
7,27,1351,37,1378,809,22,792
44,11,1336,10,1378,814,24,816
23,45,1336,15,1367,812,12,819
16,29,1345,43,1333,783,44,774
40,37,1330,24,1377,786,27,798
22,42,1354,1,1364,790,34,774
24,14,1350,10,1345,813,34,812
33,33,1336,45,1357,816,47,814
32,29,1356,35,1376,814,22,785
22,2,1334,23,1370,784,10,801
32,9,1333,34,1332,784,50,778
0,40,1354,30,1376,789,24,787
16,40,1339,11,1344,792,10,780
