37,27,1348,13,1346,775,46,808
46,11,1380,1,1374,789,8,795
39,40,1358,24,1330,781,18,799
39,15,1336,45,1348,793,6,795
32,36,1373,42,1362,813,18,774
15,19,1330,37,1339,820,7,779
19,42,1373,44,1362,770,18,811
21,23,1370,20,1344,814,9,781
21,9,1366,38,1364,807,5,815
24,42,1358,19,1359,800,25,820
25,20,1371,50,1360,784,24,776
23,14,1356,1,1363,797,30,805
10,27,1335,27,1379,788,9,809
49,32,1344,0,1341,778,2,814
14,18,1371,39,1336,818,19,796
0,43,1364,48,1360,775,47,809
38,16,1342,34,1371,770,15,785
26,33,1352,31,1353,796,42,800
41,1,1371,7,1352,784,39,803
28,23,1366,12,1344,800,26,771
22,21,1351,38,1358,814,11,804
35,9,1363,9,1368,790,29,795
47,26,1350,25,1341,788,19,815
43,36,1351,35,1375,814,7,808
7,24,1352,36,1346,779,49,779
21,37,1358,31,1369,791,27,799
35,32,1337,30,1360,781,10,782
21,0,1363,45,1331,803,44,777
50,16,1375,7,1371,777,5,781
34,19,1369,23,1356,779,22,808
10,42,1361,14,1335,795,46,820
14,14,1366,19,1334,778,7,808
45,45,1360,3,1346,792,35,794
34,24,1346,36,1374,802,50,778
37,15,1377,5,1345,787,12,798
24,15,1332,45,1362,798,24,816
34,13,1376,45,1359,804,35,771
41,14,1364,30,1352,793,23,808
14,36,1356,10,1342,786,18,798
48,1,1336,38,1348,810,8,803
24,30,1370,42,1342,813,31,809
3,1,1360,0,1365,796,16,785
5,3,1331,26,1334,815,5,808
25,15,1348,48,1336,775,37,814
23,37,1372,1,1368,772,32,813
9,43,1369,39,1332,780,13,809
27,23,1369,1,1330,784,9,815
21,3,1371,9,1364,801,16,804
48,18,1362,12,1344,773,50,777
1,41,1357,0,1350,776,5,810
42,0,1356,21,1361,773,32,785
1,16,1365,47,1347,799,36,813
6,44,1364,7,1331,810,8,810
29,33,1366,47,1375,778,38,782
38,30,1369,25,1347,789,2,791
18,41,1371,20,1375,806,7,801
34,17,1355,20,1367,791,46,814
50,22,1376,36,1358,796,40,811
4,47,1330,4,1333,794,0,782
33,6,1378,31,1353,786,40,814
30,26,1351,5,1332,785,44,810
32,6,1352,11,1377,817,24,797
34,33,1353,13,1368,805,13,820
19,4,1337,37,1332,778,8,816
23,11,1363,34,1340,779,21,802
49,31,1349,29,1331,795,4,795
20,4,1377,2,1346,792,16,818
26,24,1347,42,1369,775,32,807
5,14,1351,19,1377,789,38,784
4,32,1349,30,1363,808,14,807
25,18,1354,9,1356,784,8,771
43,28,1347,38,1344,784,44,799
31,10,1338,43,1362,777,5,786
45,2,1334,3,1356,775,9,791
5,49,1365,27,1369,778,4,784
0,43,1355,14,1359,798,50,811
45,4,1367,48,1360,783,4,776
25,7,1371,33,1355,789,13,800
36,32,1378,3,1350,792,29,790
13,25,1375,19,1335,796,6,784
18,22,1347,35,1331,801,32,781
43,13,1361,4,1374,803,22,819
25,26,1352,4,1369,807,6,814
26,27,1331,33,1355,810,24,778
48,35,1340,11,1334,775,20,782
3,49,1352,19,1348,812,21,785
13,41,1345,17,1374,788,49,819
31,38,1359,20,1365,792,38,789
21,49,1343,45,1362,789,41,809
14,4,1374,20,1366,800,34,790
19,29,1341,27,1374,778,14,774
50,40,1351,36,1338,777,25,807
17,29,1357,41,1379,794,15,784
1,38,1340,4,1368,805,32,811
42,18,1354,24,1364,818,27,771
44,6,1335,47,1367,779,46,776
7,12,1372,17,1361,788,37,802
43,45,1336,9,1341,805,27,783
10,4,1333,10,1373,801,10,787
21,0,1345,10,1373,808,23,792
