24,19,1347,46,1361,793,6,796
15,49,1332,13,1357,809,7,813
19,19,1347,47,1337,818,13,785
30,49,1358,42,1378,810,41,793
14,16,1331,13,1353,794,32,798
43,4,1342,36,1332,798,8,804
28,19,1348,7,1357,819,7,811
36,15,1357,20,1336,774,5,792
11,15,1350,34,1335,817,21,779
33,18,1333,44,1337,797,4,780
20,42,1377,50,1342,792,32,781
18,28,1380,19,1359,788,29,778
7,5,1373,48,1334,813,43,816
43,36,1338,25,1332,816,1,811
11,41,1364,31,1369,774,6,806
9,35,1361,39,1374,796,24,803
44,16,1378,30,1355,807,1,798
34,16,1345,47,1367,780,37,790
9,21,1368,17,1372,808,18,800
11,44,1348,8,1358,815,47,803
48,4,1363,38,1330,772,9,809
1,36,1331,16,1350,776,36,812
18,39,1374,25,1377,820,7,783
7,7,1344,18,1358,789,2,817
10,47,1339,49,1358,814,28,781
27,17,1348,28,1358,810,6,806
2,32,1361,12,1335,790,39,811
45,3,1376,20,1377,781,15,800
32,36,1339,28,1371,783,12,797
9,5,1359,48,1378,774,35,780
7,44,1350,10,1350,792,30,771
4,34,1375,47,1364,779,11,779
15,43,1350,27,1346,804,0,776
34,23,1347,28,1360,799,49,792
4,22,1367,1,1376,773,4,776
7,34,1341,16,1377,814,22,786
1,25,1359,13,1345,813,4,786
46,22,1360,3,1349,773,35,772
32,5,1369,7,1342,786,47,782
25,23,1342,6,1364,792,17,783
2,33,1344,41,1377,820,9,771
18,16,1377,6,1375,816,35,775
3,44,1359,7,1331,802,24,806
47,3,1366,46,1363,796,43,817
1,14,1377,35,1348,770,5,803
28,6,1373,42,1331,775,50,806
3,45,1358,5,1377,801,14,776
17,1,1372,40,1342,788,6,804
22,32,1362,10,1345,787,21,816
13,42,1332,26,1341,771,46,818
20,50,1366,41,1369,809,8,819
4,7,1344,23,1336,804,16,802
8,43,1336,26,1349,806,24,798
44,11,1362,17,1373,805,50,795
18,44,1355,47,1374,801,1,802
49,8,1340,39,1337,785,14,792
45,7,1353,8,1343,782,26,819
38,37,1357,50,1334,811,49,811
12,49,1361,35,1343,819,31,792
7,31,1353,14,1365,793,14,818
4,13,1375,23,1339,770,36,770
48,14,1351,28,1366,785,50,809
0,32,1336,17,1350,819,9,792
19,47,1333,15,1350,805,48,777
18,17,1340,21,1330,802,16,787
15,0,1340,9,1380,785,47,776
38,18,1331,23,1377,771,7,775
12,27,1331,34,1336,787,15,799
47,21,1369,30,1354,787,14,807
21,13,1359,6,1364,794,31,801
28,23,1365,39,1372,784,23,798
38,14,1339,9,1375,793,40,773
22,26,1363,7,1380,777,12,773
37,9,1374,43,1376,799,37,790
27,3,1356,34,1345,788,49,817
37,24,1340,28,1375,805,20,819
47,32,1333,42,1341,806,49,787
45,36,1351,50,1375,806,38,791
40,21,1346,15,1340,795,48,799
1,8,1378,25,1357,808,8,800
14,29,1376,9,1333,800,30,789
7,20,1348,32,1372,787,36,801
49,33,1353,6,1331,795,43,812
17,26,1350,45,1345,796,9,800
1,28,1367,19,1362,815,21,793
42,44,1377,22,1365,817,46,777
3,50,1340,39,1377,793,18,785
4,26,1376,32,1353,807,37,784
46,42,1356,3,1358,789,15,786
22,8,1365,18,1346,805,39,796
41,24,1376,5,1371,805,21,810
6,44,1356,23,1364,802,14,811
46,22,1347,23,1353,789,2,788
5,10,1363,40,1331,797,2,787
42,41,1366,13,1343,794,20,814
10,4,1360,41,1365,777,16,770
3,21,1354,34,1367,777,17,798
5,35,1368,35,1347,797,15,820
28,32,1359,31,1345,787,30,792
50,10,1349,16,1346,794,28,803
