46,46,1350,21,1351,778,26,795
19,37,1373,42,1354,791,50,813
16,36,1354,27,1375,785,40,776
31,9,1379,25,1340,774,27,785
16,34,1339,7,1359,804,46,812
1,31,1353,44,1341,784,0,811
24,3,1341,30,1364,819,5,781
6,12,1332,7,1345,809,23,791
21,49,1351,10,1337,782,26,802
7,38,1373,49,1372,819,7,820
35,17,1339,8,1335,809,35,802
43,27,1342,6,1359,770,1,790
11,46,1330,3,1367,810,32,787
6,21,1330,27,1358,803,24,781
50,30,1347,21,1363,797,40,777
28,43,1341,41,1337,795,17,796
21,31,1358,5,1357,804,38,782
7,11,1344,33,1360,776,7,773
47,24,1353,23,1347,806,3,808
8,30,1342,36,1361,787,14,770
7,47,1365,40,1376,797,45,789
32,20,1342,33,1350,779,15,791
36,1,1348,0,1351,777,41,801
26,27,1364,27,1341,803,31,807
9,24,1340,27,1352,801,11,820
46,44,1355,25,1369,771,5,816
28,38,1338,1,1375,806,38,770
47,14,1335,27,1351,780,12,796
6,13,1377,45,1332,797,50,804
31,1,1379,4,1356,818,40,791
27,40,1348,10,1345,772,23,802
30,17,1376,6,1341,796,46,786
24,44,1365,4,1380,802,4,776
31,9,1379,16,1347,803,35,817
16,11,1344,23,1350,805,48,784
40,17,1349,30,1378,788,48,816
37,18,1349,36,1341,817,21,815
4,24,1338,42,1345,811,15,816
12,32,1358,6,1339,778,3,789
27,22,1352,32,1332,770,44,803
7,24,1338,28,1359,794,49,799
28,42,1379,39,1350,775,10,786
43,41,1340,4,1355,802,46,798
35,48,1360,30,1343,794,23,817
29,22,1362,35,1368,807,31,809
39,46,1347,47,1336,806,8,792
14,27,1361,30,1350,771,36,794
2,31,1367,9,1342,818,4,820
5,18,1341,25,1375,806,10,793
36,30,1355,38,1335,774,14,814
12,7,1339,34,1378,792,36,772
30,35,1358,49,1369,815,33,817
45,13,1366,32,1369,799,18,820
29,4,1372,38,1330,815,7,806
30,14,1375,29,1359,812,4,786
42,9,1345,8,1357,800,3,779
6,5,1355,35,1373,800,26,809
28,28,1377,34,1351,807,12,794
35,3,1335,6,1353,781,41,811
33,33,1365,43,1357,799,30,784
47,43,1353,16,1362,772,7,780
2,30,1379,19,1354,812,4,798
24,30,1344,23,1341,797,19,791
21,34,1366,34,1333,779,26,777
43,6,1337,16,1345,815,30,802
0,5,1363,1,1338,793,37,812
34,38,1358,30,1331,770,44,803
41,27,1330,19,1375,804,23,777
22,45,1343,0,1378,773,25,789
18,9,1332,33,1367,779,36,795
25,22,1367,44,1336,812,1,779
42,7,1336,42,1356,814,3,804
22,33,1347,0,1369,776,34,770
21,15,1336,29,1380,793,4,813
39,9,1375,25,1330,792,11,788
35,32,1349,33,1369,777,28,817
49,3,1361,15,1337,798,47,790
24,23,1337,29,1335,817,41,813
26,29,1345,24,1330,796,46,795
27,6,1364,38,1368,772,49,811
39,7,1353,13,1351,787,30,784
16,12,1365,19,1332,776,30,807
42,19,1380,10,1346,796,22,791
16,2,1366,7,1368,792,18,802
49,10,1354,19,1366,805,0,792
21,34,1348,44,1351,773,23,815
28,49,1361,15,1358,774,10,816
47,40,1374,46,1367,797,10,800
48,29,1374,13,1364,788,0,773
31,2,1378,1,1353,782,26,813
36,46,1367,22,1366,804,48,789
10,44,1348,2,1366,780,24,815
41,31,1362,8,1361,789,42,817
19,27,1365,18,1365,790,21,790
34,27,1372,38,1375,818,3,788
19,31,1340,44,1361,814,34,774
7,8,1355,6,1363,780,50,787
27,14,1340,42,1331,814,0,816
12,37,1366,19,1379,784,11,797
0,20,1347,23,1360,803,36,811
