45,42,1367,0,1341,793,26,786
33,1,1370,0,1335,786,29,782
34,48,1333,30,1355,802,16,809
48,8,1343,11,1349,805,31,780
16,17,1353,2,1348,783,18,777
39,48,1374,11,1338,780,44,801
29,48,1331,12,1371,818,22,805
49,35,1368,47,1357,795,22,790
46,27,1353,21,1363,781,22,806
1,30,1350,24,1367,787,23,783
24,25,1347,32,1349,788,15,802
10,6,1344,23,1335,803,47,795
32,21,1374,7,1369,772,0,792
36,7,1363,1,1349,798,35,773
27,28,1365,30,1365,799,2,790
33,34,1353,18,1359,818,17,779
27,15,1355,33,1359,783,48,818
16,21,1339,26,1363,773,26,815
30,5,1336,39,1362,810,45,815
13,12,1350,41,1357,810,10,781
18,0,1347,22,1367,793,40,797
36,4,1372,24,1378,809,48,782
16,41,1377,45,1344,791,27,801
27,2,1348,20,1335,812,15,780
45,16,1352,1,1344,775,49,791
43,13,1356,18,1368,770,16,781
11,41,1332,14,1367,811,5,772
20,13,1356,22,1336,809,38,800
43,23,1380,6,1379,794,28,774
18,44,1331,20,1365,794,39,776
2,22,1346,22,1362,783,42,813
7,44,1348,0,1335,808,16,810
2,38,1371,12,1380,783,37,790
24,38,1370,48,1357,786,30,816
39,47,1377,8,1371,819,9,780
43,14,1379,39,1366,812,24,783
27,29,1370,40,1372,820,20,802
13,13,1365,37,1354,776,49,793
28,20,1352,9,1358,806,16,772
30,49,1332,7,1354,792,24,774
37,32,1379,20,1356,799,14,820
31,44,1356,32,1338,807,40,775
46,17,1351,33,1348,793,2,800
50,12,1353,20,1341,773,21,812
41,21,1342,44,1330,777,3,795
35,21,1358,13,1369,778,15,809
23,13,1353,8,1363,815,5,774
20,31,1357,44,1377,798,29,788
13,20,1365,15,1368,786,15,804
36,34,1346,18,1360,815,8,775
0,14,1341,30,1332,795,40,818
19,48,1349,9,1355,771,8,811
41,4,1360,41,1339,779,49,778
32,1,1359,30,1351,792,0,796
27,3,1332,24,1365,789,47,791
45,47,1360,35,1360,803,42,786
17,25,1343,34,1364,782,3,802
31,48,1367,1,1370,776,38,798
2,49,1360,6,1338,807,6,804
21,10,1345,24,1360,794,19,817
49,35,1358,21,1330,818,11,819
8,16,1344,0,1366,773,12,787
35,45,1335,10,1367,772,49,780
9,33,1338,5,1377,777,6,782
10,0,1331,1,1330,770,32,810
25,23,1365,46,1368,805,33,773
13,28,1372,27,1375,788,50,774
24,35,1339,30,1339,810,18,807
4,40,1352,20,1370,807,47,810
4,42,1360,14,1331,778,34,811
23,15,1365,50,1334,817,17,780
7,7,1339,26,1371,807,17,785
20,42,1334,33,1351,773,36,780
15,33,1366,26,1372,777,22,797
36,5,1352,23,1357,770,40,814
33,8,1369,7,1364,796,37,799
2,45,1356,15,1369,809,20,778
44,10,1331,42,1365,791,14,802
47,22,1371,24,1345,812,41,793
21,40,1336,30,1365,813,12,785
15,48,1359,0,1350,810,36,819
27,15,1358,15,1346,803,37,806
46,26,1350,5,1336,813,24,779
21,2,1363,16,1358,781,29,783
37,1,1351,49,1380,785,34,811
36,46,1339,41,1333,770,38,784
20,39,1378,26,1363,770,40,813
37,45,1364,13,1335,801,6,806
25,21,1352,4,1348,781,44,788
0,1,1356,0,1333,795,13,780
0,11,1332,7,1337,806,24,792
14,0,1352,42,1367,804,16,815
2,46,1368,43,1332,812,33,809
14,4,1365,21,1350,797,14,810
10,10,1353,33,1358,782,15,773
14,2,1333,11,1345,783,13,811
42,7,1333,23,1345,811,11,799
8,8,1379,10,1350,781,1,770
50,0,1345,33,1332,814,25,772
5,6,1369,23,1339,789,6,792
