35,35,1345,32,1365,819,47,803
36,13,1334,35,1345,774,42,788
45,29,1346,27,1337,819,3,790
6,39,1343,34,1361,807,47,776
49,35,1351,22,1340,816,18,782
45,43,1342,25,1355,787,6,771
23,31,1337,12,1347,780,17,815
27,11,1351,36,1365,812,45,781
2,41,1339,34,1347,815,21,805
47,45,1345,0,1355,804,46,820
20,31,1365,17,1349,815,33,779
5,34,1361,41,1350,791,13,773
4,10,1344,21,1373,778,37,781
7,15,1367,36,1365,810,9,800
19,38,1361,28,1342,771,6,804
43,2,1362,45,1339,773,44,819
47,49,1333,30,1358,810,5,785
32,18,1337,16,1349,778,28,792
29,37,1366,27,1358,817,50,774
8,45,1372,26,1342,802,48,799
21,43,1332,22,1366,806,13,779
7,14,1348,0,1355,816,22,809
26,25,1362,24,1352,784,1,771
13,7,1344,31,1361,780,0,773
29,33,1379,29,1336,791,3,799
5,50,1358,39,1380,803,23,812
0,6,1355,21,1364,777,40,786
19,10,1348,28,1346,776,7,803
15,19,1360,10,1344,805,13,786
17,30,1338,49,1366,813,28,794
11,21,1360,6,1335,802,4,797
3,6,1352,24,1371,789,3,771
16,22,1342,18,1336,795,45,806
31,50,1347,41,1377,798,0,793
14,31,1370,16,1370,781,35,809
38,35,1362,42,1370,785,0,804
34,42,1359,32,1355,782,42,781
46,11,1371,28,1353,778,35,818
22,31,1355,11,1331,816,18,814
23,28,1341,19,1336,815,28,773
3,28,1368,42,1335,802,14,808
39,33,1341,18,1380,800,20,810
42,34,1368,32,1340,811,42,795
48,32,1341,43,1377,810,3,773
15,24,1351,1,1370,789,32,800
34,27,1378,31,1355,820,35,795
4,39,1359,16,1379,820,16,798
15,36,1339,29,1374,793,45,820
45,4,1359,35,1363,806,25,773
1,36,1369,34,1370,775,20,773
29,25,1355,5,1361,800,43,810
17,23,1373,1,1337,803,49,797
3,21,1374,30,1366,805,11,780
0,2,1352,44,1338,798,1,778
26,12,1331,50,1376,770,19,815
0,15,1352,5,1377,814,7,777
50,29,1377,28,1379,791,2,777
7,18,1331,26,1357,785,14,791
26,27,1364,26,1354,782,39,798
19,28,1344,37,1349,790,42,781
1,37,1355,49,1377,801,7,815
23,23,1372,4,1380,792,41,777
25,3,1363,44,1338,804,44,784
47,24,1339,43,1372,794,17,802
21,3,1333,12,1356,793,30,810
16,46,1351,14,1353,781,14,774
6,49,1369,20,1357,800,2,804
17,36,1378,13,1346,792,4,816
10,38,1377,1,1343,786,48,771
0,3,1370,45,1358,794,43,794
35,26,1362,3,1335,809,11,780
7,47,1362,29,1358,818,6,776
25,30,1352,44,1371,793,26,785
36,4,1371,43,1370,790,4,804
19,45,1378,20,1351,804,41,792
24,31,1352,14,1359,790,41,819
36,4,1359,15,1349,806,19,811
24,15,1357,25,1357,808,8,814
39,23,1365,33,1357,780,39,793
11,15,1330,1,1380,804,49,783
11,39,1369,11,1351,772,14,776
8,45,1348,27,1336,790,40,797
46,19,1378,43,1338,801,26,810
29,30,1370,12,1339,797,33,781
8,2,1379,34,1357,782,8,809
29,47,1353,48,1359,777,23,778
42,29,1370,49,1348,773,22,793
39,1,1366,0,1378,805,35,773
14,29,1376,22,1380,817,18,811
38,12,1369,9,1376,794,19,793
14,32,1339,32,1366,790,9,770
35,50,1334,28,1353,770,41,786
40,35,1343,12,1349,800,33,812
14,3,1368,28,1338,787,37,818
40,12,1342,22,1335,815,36,793
46,35,1353,26,1330,800,11,782
3,4,1376,28,1376,780,37,775
4,11,1360,50,1349,788,32,796
23,7,1355,25,1363,815,31,800
45,27,1352,21,1337,782,19,779
