39,29,1355,22,1376,816,33,802
23,4,1368,4,1340,789,27,787
39,13,1342,41,1340,772,47,771
15,8,1354,21,1336,784,11,771
18,7,1377,16,1344,811,50,771
13,4,1374,17,1334,816,24,810
0,32,1380,15,1378,794,12,770
22,10,1337,27,1363,803,46,803
41,6,1336,46,1379,816,5,785
9,30,1375,8,1379,780,25,800
19,0,1372,2,1355,774,14,782
45,28,1355,43,1374,806,0,812
6,0,1365,23,1346,788,46,813
33,21,1355,38,1375,808,43,816
31,47,1379,35,1379,811,15,801
21,26,1369,34,1371,772,36,817
8,12,1357,6,1368,813,30,787
10,22,1374,23,1348,771,2,781
24,33,1360,41,1357,777,14,781
47,2,1342,24,1375,796,17,801
38,19,1355,50,1376,787,7,808
2,9,1364,25,1372,793,36,776
10,50,1362,31,1335,809,37,780
4,31,1347,27,1369,778,6,813
13,7,1370,10,1373,797,8,798
23,18,1356,2,1352,773,38,782
24,46,1353,48,1334,781,13,779
22,18,1340,33,1376,781,41,778
40,23,1372,26,1355,807,43,781
34,50,1346,35,1369,778,5,798
27,16,1343,19,1341,779,38,819
31,6,1346,17,1363,795,23,793
14,3,1343,13,1335,789,32,800
6,17,1356,32,1337,804,27,813
34,24,1332,31,1353,794,39,820
10,37,1340,42,1377,789,28,771
34,46,1376,16,1334,778,2,790
26,19,1363,46,1378,772,11,814
12,40,1359,8,1372,795,20,781
4,41,1340,33,1339,773,26,773
50,31,1364,34,1358,787,49,820
31,13,1362,36,1348,803,2,807
23,19,1373,3,1364,786,41,806
50,8,1351,48,1347,792,5,819
48,5,1376,43,1340,794,27,809
49,19,1332,37,1374,809,20,804
6,10,1331,42,1373,782,16,811
40,27,1344,45,1349,777,9,779
12,0,1357,20,1363,809,15,816
37,26,1332,16,1341,784,19,801
31,48,1367,13,1378,779,44,816
26,49,1347,24,1330,799,32,783
12,24,1373,3,1347,780,18,787
10,0,1375,48,1362,815,37,819
24,11,1336,50,1344,801,25,814
37,19,1369,39,1352,810,5,772
48,0,1338,1,1359,770,18,796
0,15,1343,30,1331,814,5,820
7,19,1334,10,1356,804,24,798
49,18,1365,27,1351,819,4,772
3,6,1338,33,1372,820,43,809
20,45,1332,17,1356,784,42,783
49,24,1370,45,1330,786,29,820
31,32,1372,9,1378,775,30,808
18,5,1376,5,1367,784,1,789
30,20,1350,0,1355,807,25,801
4,39,1365,18,1377,776,44,774
31,13,1353,47,1361,815,45,785
13,24,1352,41,1361,800,35,800
3,9,1345,27,1333,818,50,774
31,9,1347,40,1338,786,31,813
18,45,1372,25,1371,793,50,784
42,29,1355,11,1350,783,50,775
1,39,1376,12,1366,801,37,778
20,26,1354,40,1374,808,26,773
46,42,1369,43,1371,798,42,785
31,48,1334,47,1375,803,28,772
3,2,1375,33,1375,802,17,784
27,36,1373,1,1341,803,50,782
27,46,1370,29,1350,807,15,770
9,47,1351,34,1345,796,21,812
21,20,1363,12,1357,800,39,780
4,29,1355,0,1339,799,40,779
24,30,1362,29,1372,780,31,779
19,44,1374,13,1356,788,32,778
27,34,1334,14,1375,779,6,778
20,36,1365,24,1350,788,26,787
22,17,1332,37,1351,814,31,818
7,16,1331,42,1342,789,37,789
11,37,1341,14,1330,771,14,801
17,9,1365,23,1346,811,13,789
33,50,1377,41,1380,810,30,811
26,0,1345,1,1355,798,34,793
37,16,1332,27,1376,770,3,805
33,5,1355,38,1360,807,32,790
37,34,1371,33,1377,789,33,772
29,9,1354,44,1339,777,22,807
8,41,1353,15,1347,781,46,782
35,2,1330,3,1368,807,46,817
23,28,1378,13,1344,782,27,805
