39,22,1335,42,1363,807,40,800
40,44,1338,31,1372,783,7,818
18,27,1339,13,1357,818,50,773
46,38,1359,26,1378,774,30,782
34,15,1353,19,1331,789,8,775
30,17,1367,39,1376,800,16,790
27,50,1367,31,1356,799,30,777
43,35,1339,9,1354,797,5,790
3,4,1374,27,1378,771,24,817
2,22,1339,19,1380,771,28,809
48,10,1345,50,1377,800,12,789
40,49,1379,38,1379,789,46,780
4,6,1368,6,1349,784,36,790
20,10,1363,16,1358,777,0,790
41,40,1339,21,1376,790,44,791
45,1,1360,3,1355,801,29,786
48,50,1376,8,1335,810,44,803
37,37,1365,25,1338,785,25,807
31,7,1337,30,1338,777,7,804
20,13,1379,8,1336,818,31,819
33,0,1362,47,1361,795,26,810
39,37,1358,40,1347,809,13,771
19,18,1343,31,1354,778,49,776
45,37,1379,30,1359,783,9,788
48,39,1378,21,1363,796,36,807
12,44,1366,28,1331,782,1,815
41,28,1348,33,1349,787,11,808
28,8,1352,13,1360,801,15,783
46,31,1378,38,1375,782,7,782
20,10,1350,16,1338,802,50,781
35,30,1350,0,1353,791,32,820
42,21,1354,24,1354,801,21,774
48,5,1376,1,1330,808,4,782
14,32,1342,24,1342,798,6,815
42,49,1365,39,1368,770,16,775
46,40,1380,4,1379,806,24,796
2,5,1370,36,1334,781,43,803
33,41,1347,3,1360,788,31,785
42,25,1332,15,1336,773,13,795
23,36,1380,13,1330,794,47,777
10,34,1362,2,1374,783,33,812
33,40,1362,41,1337,770,3,790
42,48,1347,46,1338,789,47,780
8,31,1371,7,1335,794,15,806
17,2,1364,31,1364,804,43,783
13,34,1337,48,1357,777,5,771
11,8,1347,34,1350,817,21,773
46,6,1348,43,1363,796,42,787
11,26,1338,23,1350,793,1,775
29,16,1332,34,1339,787,18,814
28,5,1369,25,1361,819,7,773
23,16,1350,2,1362,782,42,809
31,33,1369,37,1366,795,39,775
7,34,1355,44,1378,812,13,820
22,7,1336,40,1344,795,45,781
33,1,1359,49,1369,784,1,802
18,16,1357,0,1357,796,49,778
18,47,1342,11,1365,794,49,819
4,37,1352,14,1375,816,5,805
8,11,1336,33,1341,786,43,785
12,10,1371,25,1337,818,0,801
47,20,1352,48,1346,807,45,804
41,9,1361,45,1361,820,38,772
7,2,1343,27,1341,816,10,803
29,25,1344,45,1377,794,1,817
41,11,1334,1,1338,776,39,819
49,0,1376,44,1376,776,48,810
3,4,1345,37,1352,793,36,812
44,7,1364,25,1339,805,21,770
15,38,1342,38,1355,819,8,803
28,20,1356,2,1379,792,33,783
50,44,1334,12,1335,819,2,816
14,45,1348,44,1348,777,2,810
5,26,1348,7,1371,794,36,805
15,37,1348,28,1370,785,13,809
14,41,1352,25,1375,796,44,787
10,17,1380,18,1335,793,43,804
34,48,1369,38,1360,784,3,783
30,43,1332,31,1358,810,19,786
20,41,1350,41,1351,788,29,800
10,3,1370,24,1341,777,37,785
6,15,1342,34,1348,790,16,806
23,46,1365,14,1374,787,36,800
12,33,1353,6,1359,809,33,783
36,26,1344,40,1331,797,45,788
32,40,1352,30,1374,817,33,808
5,49,1348,35,1356,811,50,791
2,25,1355,47,1335,799,14,807
8,3,1358,37,1361,778,18,785
33,13,1339,22,1361,784,7,783
40,44,1354,33,1344,800,8,810
35,23,1350,21,1363,798,22,789
17,32,1346,36,1364,802,47,814
41,32,1357,8,1379,783,22,786
46,33,1348,17,1380,809,2,818
1,43,1360,19,1358,796,44,786
28,9,1380,3,1339,774,23,808
3,2,1376,9,1335,785,27,815
50,6,1343,12,1365,790,4,789
2,10,1352,43,1375,783,47,812
