40,27,1364,33,1358,778,44,777
1,31,1378,26,1333,807,37,792
8,10,1350,48,1350,814,26,795
24,4,1350,10,1375,813,1,797
32,31,1340,13,1350,788,28,770
50,49,1343,36,1366,770,12,808
5,19,1361,39,1345,806,50,790
29,10,1331,25,1339,806,5,779
31,7,1358,35,1354,780,7,771
35,26,1345,11,1374,820,44,776
34,9,1375,29,1342,808,9,805
44,46,1356,35,1356,819,34,811
22,43,1359,32,1331,812,11,778
8,13,1357,39,1361,784,39,795
32,34,1373,43,1334,792,34,808
13,35,1363,23,1346,813,50,791
48,17,1378,49,1378,790,41,794
22,28,1337,34,1349,788,26,811
9,42,1363,27,1362,779,48,770
19,12,1349,35,1336,774,19,796
14,50,1371,5,1369,785,46,789
44,26,1352,7,1332,799,21,808
5,8,1331,13,1362,778,29,771
18,11,1371,24,1346,795,31,786
45,0,1380,49,1332,777,29,807
38,4,1333,37,1362,820,45,783
30,11,1378,15,1371,796,14,820
17,42,1341,31,1344,813,32,797
29,16,1366,4,1335,783,47,797
6,27,1371,18,1363,794,48,790
27,15,1365,50,1379,803,45,772
46,25,1339,34,1348,803,25,804
12,49,1368,31,1372,797,28,813
36,27,1370,38,1365,803,43,784
8,12,1343,37,1347,788,16,773
26,22,1378,17,1350,814,26,785
50,6,1359,29,1356,779,37,797
33,16,1335,8,1373,806,35,771
49,5,1378,1,1367,771,39,820
49,47,1357,0,1344,771,44,789
41,31,1346,35,1355,810,2,790
27,42,1369,15,1331,780,32,798
25,15,1378,36,1374,814,33,819
22,17,1345,8,1368,800,21,784
15,6,1378,20,1366,774,12,820
11,16,1360,37,1366,788,4,777
3,39,1360,0,1378,792,30,799
29,38,1332,45,1342,797,46,798
27,1,1342,42,1374,779,37,809
28,16,1343,3,1330,798,29,778
40,45,1362,12,1368,772,20,770
12,49,1333,48,1377,802,16,814
16,38,1335,43,1349,770,14,771
1,3,1330,22,1361,778,33,774
45,10,1377,4,1373,804,47,816
36,43,1335,17,1341,778,49,815
8,10,1343,49,1377,790,30,783
23,40,1369,43,1357,814,16,774
17,15,1372,5,1342,797,36,789
43,6,1376,43,1351,793,22,807
19,7,1375,30,1378,775,21,786
46,46,1359,0,1371,773,29,777
48,15,1349,50,1376,784,37,790
35,25,1377,37,1375,797,37,812
39,46,1359,14,1335,795,48,777
45,40,1340,20,1338,817,35,798
41,4,1333,14,1365,777,21,817
8,40,1366,49,1340,775,31,820
14,30,1372,37,1330,794,10,788
49,23,1348,4,1337,802,5,819
38,6,1337,1,1377,810,25,817
18,19,1346,8,1356,807,24,816
4,19,1341,4,1344,810,24,777
39,14,1338,49,1374,802,2,809
25,6,1330,2,1347,791,21,799
27,36,1363,49,1330,814,21,790
46,2,1331,35,1332,801,22,799
24,49,1355,29,1372,801,5,787
48,22,1345,23,1360,772,7,774
20,31,1345,25,1342,777,22,770
19,11,1332,2,1367,791,41,816
0,19,1373,33,1346,785,34,811
42,41,1341,37,1357,772,32,819
31,9,1367,18,1348,797,47,802
26,3,1336,23,1375,801,10,778
25,15,1351,0,1371,770,27,815
18,46,1379,19,1358,802,24,794
48,33,1371,12,1336,812,25,785
37,13,1355,37,1350,784,36,817
15,6,1366,18,1360,792,40,784
23,46,1338,34,1330,797,49,810
38,12,1358,27,1367,795,48,779
26,32,1353,0,1370,773,22,814
17,3,1380,1,1367,804,2,772
21,28,1340,2,1337,815,40,777
4,18,1349,24,1352,771,46,792
25,4,1354,42,1378,770,19,776
29,33,1335,17,1338,804,4,800
17,37,1369,20,1380,811,23,808
48,50,1361,16,1371,803,17,777
