0,38,1368,34,1351,819,46,817
28,26,1340,34,1353,808,31,819
7,19,1344,45,1344,781,12,811
38,9,1350,10,1334,813,36,799
44,48,1362,29,1371,805,31,789
41,4,1356,2,1357,816,47,794
39,37,1333,24,1354,809,10,781
43,48,1365,7,1361,793,19,773
7,47,1365,36,1350,807,5,799
45,23,1336,16,1360,787,15,804
8,10,1333,11,1343,777,0,819
17,23,1372,17,1359,787,30,778
42,6,1361,25,1339,779,33,797
9,33,1346,30,1372,815,12,804
44,24,1339,11,1332,801,9,795
33,5,1339,31,1376,791,34,791
29,41,1377,42,1342,804,13,807
47,26,1342,15,1379,789,40,792
15,39,1332,50,1366,790,37,773
46,47,1331,35,1372,790,40,812
24,39,1366,43,1366,800,23,770
35,25,1350,25,1336,772,35,772
42,36,1380,30,1341,773,5,776
22,26,1377,17,1367,789,25,781
48,24,1360,34,1342,820,38,778
50,28,1379,6,1337,812,31,792
17,22,1374,50,1350,814,46,792
21,36,1376,27,1372,780,25,775
50,0,1376,30,1338,794,50,800
45,32,1353,17,1335,791,19,773
18,18,1330,30,1350,779,37,781
39,12,1372,5,1333,812,37,777
34,17,1356,25,1363,816,40,810
24,29,1378,26,1331,801,28,781
48,33,1374,39,1376,806,35,806
9,6,1350,31,1339,795,9,772
4,42,1348,25,1344,784,39,798
34,39,1365,14,1364,782,17,808
11,29,1338,10,1345,792,47,774
33,25,1332,32,1352,809,9,810
13,29,1336,19,1339,783,50,816
39,17,1354,1,1360,794,10,818
22,11,1336,28,1366,795,7,794
11,25,1375,13,1342,815,45,808
41,27,1371,26,1365,785,34,804
26,10,1377,34,1367,781,30,782
49,27,1347,23,1369,773,44,792
37,35,1373,35,1367,814,30,817
40,49,1358,46,1351,819,24,799
22,11,1336,6,1351,797,32,792
36,22,1376,21,1376,787,16,786
6,0,1351,32,1370,785,13,771
12,21,1340,14,1376,779,1,797
9,27,1361,42,1354,806,36,804
6,10,1330,47,1353,773,22,803
2,16,1363,38,1344,795,2,814
6,9,1376,0,1359,817,26,803
39,37,1356,5,1376,779,43,784
29,22,1333,16,1344,807,8,813
1,9,1363,17,1364,809,42,771
34,29,1375,29,1378,782,33,808
46,45,1338,41,1376,809,38,813
43,28,1375,30,1378,783,3,788
6,28,1367,30,1372,783,24,774
48,4,1379,44,1336,777,16,783
47,32,1341,17,1364,818,49,810
5,30,1341,26,1377,792,25,810
4,18,1361,14,1348,788,39,800
50,40,1345,15,1360,782,20,774
9,26,1330,1,1344,800,10,806
12,37,1360,20,1366,791,36,795
25,47,1369,26,1368,816,7,782
19,25,1372,42,1373,793,38,781
12,29,1331,10,1333,777,23,783
43,47,1371,17,1353,818,14,780
30,39,1378,50,1363,806,33,812
32,0,1358,33,1341,819,16,772
5,5,1369,0,1369,797,29,779
31,29,1370,1,1336,791,27,808
24,3,1375,9,1333,770,29,777
39,45,1343,36,1351,786,39,819
9,42,1349,13,1357,813,50,789
25,19,1353,45,1372,818,35,794
38,23,1340,22,1344,801,2,819
18,28,1347,26,1335,813,40,789
31,46,1333,8,1373,817,39,805
13,4,1342,46,1357,785,14,782
5,11,1353,35,1356,812,5,783
25,27,1370,21,1358,804,37,779
34,2,1361,12,1362,819,8,786
40,34,1341,33,1356,780,49,782
7,14,1353,14,1349,814,45,778
26,13,1345,44,1336,794,24,814
10,23,1334,12,1340,813,3,811
39,16,1366,7,1380,775,47,787
4,28,1359,30,1348,818,21,787
9,41,1359,14,1338,808,15,812
50,24,1358,29,1369,802,23,804
25,3,1350,24,1376,815,12,771
48,0,1356,8,1348,807,34,774
