6,1,1374,29,1337,778,40,810
9,46,1377,26,1359,791,31,770
17,20,1356,10,1331,815,6,773
18,21,1362,21,1349,812,2,812
30,5,1351,4,1346,784,27,773
1,49,1376,5,1380,799,1,776
19,27,1334,9,1363,794,34,802
8,2,1345,25,1341,819,22,801
33,21,1372,40,1343,782,28,786
17,29,1372,28,1364,803,18,817
8,23,1330,14,1377,795,50,820
45,1,1374,48,1351,804,40,773
46,38,1351,7,1333,808,49,817
5,16,1377,7,1344,770,8,818
28,43,1331,2,1350,794,32,818
40,43,1351,4,1347,805,32,814
24,24,1333,41,1373,811,45,791
33,18,1369,14,1374,799,34,800
35,42,1368,45,1333,800,2,774
5,42,1373,33,1370,773,35,797
17,8,1348,33,1342,784,50,810
20,41,1376,39,1358,805,7,794
41,32,1342,11,1376,814,16,788
47,9,1348,39,1354,797,25,773
9,26,1376,18,1376,791,32,810
22,1,1360,28,1357,802,35,817
18,19,1353,28,1360,776,7,787
2,36,1373,9,1363,787,9,791
0,43,1370,17,1380,785,15,774
48,40,1357,31,1367,772,39,790
9,10,1341,33,1370,787,19,789
18,45,1344,38,1362,795,33,777
10,4,1366,21,1363,820,30,782
27,30,1334,1,1379,777,0,799
15,30,1367,47,1352,771,21,813
23,14,1354,4,1350,808,8,812
30,20,1380,46,1348,800,11,805
37,21,1366,12,1350,778,44,790
2,37,1370,5,1336,784,20,804
44,24,1353,25,1358,797,5,817
34,43,1379,50,1344,802,8,787
22,38,1371,46,1372,773,14,792
37,22,1334,42,1349,776,3,770
10,28,1348,46,1357,778,31,773
46,35,1351,38,1349,785,24,774
7,9,1348,43,1355,804,23,795
35,25,1343,19,1347,800,32,799
4,13,1366,5,1370,801,20,777
40,10,1371,23,1354,809,1,803
11,4,1377,39,1368,811,33,777
46,36,1330,1,1361,806,36,793
18,33,1351,15,1361,773,31,783
14,36,1349,4,1377,790,0,815
32,41,1334,35,1358,803,44,814
21,22,1363,25,1351,795,30,787
32,24,1380,33,1361,786,40,798
37,35,1369,5,1330,793,6,812
43,4,1333,4,1339,774,20,789
8,0,1357,48,1357,780,22,787
17,29,1358,3,1359,796,28,807
49,25,1378,8,1369,796,38,770
4,31,1367,47,1351,805,17,819
17,18,1380,26,1358,799,1,818
13,13,1356,7,1367,802,34,774
29,42,1366,15,1359,773,30,776
2,13,1376,4,1369,791,46,817
1,0,1373,49,1361,794,21,803
40,2,1365,26,1357,779,7,786
46,6,1360,23,1348,810,20,798
32,42,1341,40,1341,820,27,807
43,9,1379,11,1339,800,5,802
43,10,1343,3,1358,796,24,790
29,41,1338,4,1363,788,20,778
40,11,1345,41,1347,818,50,810
43,47,1372,48,1377,789,16,813
39,38,1369,3,1370,814,34,812
36,48,1353,43,1365,811,27,813
30,6,1336,41,1360,781,0,819
43,40,1362,7,1335,819,42,780
5,12,1340,8,1372,799,10,800
13,22,1345,10,1357,798,40,772
37,42,1367,22,1376,804,2,775
1,22,1376,11,1380,804,17,800
32,16,1360,16,1359,773,25,809
4,21,1333,24,1338,785,28,797
43,42,1360,27,1376,813,31,805
49,28,1369,37,1363,783,29,809
35,28,1355,30,1357,781,30,785
45,45,1371,42,1338,804,9,785
5,4,1345,47,1346,783,24,809
42,40,1349,16,1338,801,36,790
42,43,1348,11,1332,771,1,807
5,42,1364,28,1335,776,37,779
18,26,1379,7,1377,804,42,801
3,34,1380,21,1350,770,16,811
18,32,1336,2,1360,814,12,782
3,25,1340,47,1362,802,25,800
7,11,1332,8,1354,785,21,812
17,1,1363,34,1349,801,8,807
1,32,1332,12,1339,783,2,809
