47,20,207,87,192,125,32,58
814,132,904,80,922,114,833,167
308,256,381,253,381,271,308,273
313,282,382,278,383,295,314,299
313,300,389,296,390,313,314,317
265,329,326,326,327,343,266,346
889,81,939,57,959,100,909,125
325,324,376,321,377,339,326,342
299,238,352,237,352,254,299,255
137,341,182,335,184,351,139,356
311,373,355,369,356,386,312,389
255,377,308,373,310,390,256,394
133,375,168,372,171,402,136,406
271,347,328,344,329,361,272,364
274,284,314,282,314,300,275,302
257,242,301,238,303,254,258,258
267,304,308,302,309,317,268,320
138,357,177,352,179,368,140,373
267,260,302,256,303,273,268,276
327,343,367,341,367,358,328,360
346,236,391,234,392,251,347,252
166,371,198,367,202,393,169,397
194,369,225,364,228,387,197,392
