34,639,126,599,142,640,51,680
929,469,999,471,998,495,929,494
925,303,1001,304,1001,332,924,331
931,415,998,415,998,441,931,440
932,442,994,443,994,467,932,466
1170,240,1244,238,1244,257,1170,258
999,209,1051,204,1052,223,1001,227
1161,263,1246,262,1247,280,1161,281
1266,262,1353,260,1353,280,1266,281
927,332,994,333,994,357,927,356
930,389,993,389,993,412,930,412
936,499,1000,499,1000,524,936,524
1258,238,1333,237,1333,255,1258,257
929,362,981,362,981,385,929,384
979,231,1020,228,1021,248,980,251
958,213,999,208,1001,228,960,232
869,245,922,239,924,255,871,261
1014,228,1051,223,1054,243,1017,248
