33,27,185,89,171,125,20,63
783,124,876,72,894,106,801,158
279,248,348,244,349,260,280,264
237,317,299,314,300,330,238,333
286,289,358,284,359,301,287,306
283,272,351,267,352,283,284,288
849,83,911,51,929,91,868,122
273,231,318,229,319,244,274,246
299,312,346,309,347,326,300,328
241,334,295,331,296,347,242,350
224,362,276,358,277,376,225,380
142,357,187,352,190,377,145,382
280,358,327,354,328,371,281,375
239,293,281,290,282,305,240,308
109,329,155,322,157,339,112,346
320,228,362,226,362,241,321,243
246,273,286,270,287,287,247,290
297,331,336,329,337,344,298,346
101,364,138,359,140,385,103,390
232,234,273,230,274,246,233,250
239,251,273,248,275,263,240,266
