548,55,867,108,857,178,538,125
86,96,173,85,177,112,89,123
1086,226,1182,218,1183,234,1087,242
1065,383,1143,384,1142,400,1065,399
1078,212,1156,206,1157,221,1079,227
21,78,90,75,91,99,22,102
1061,262,1120,258,1121,271,1062,275
1070,416,1127,417,1127,432,1070,431
91,77,179,65,181,86,94,98
1077,198,1131,194,1132,207,1078,212
1126,336,1177,335,1178,350,1127,351
1064,246,1109,243,1110,257,1065,260
1117,116,1154,110,1156,126,1119,132
1169,157,1204,152,1207,168,1171,173
1063,336,1122,336,1122,352,1063,352
1206,152,1238,148,1240,164,1208,168
1055,232,1082,230,1084,244,1057,246
