564,78,874,141,861,210,551,148
87,112,176,103,179,129,90,139
1087,258,1177,254,1178,269,1088,274
18,91,90,89,91,116,19,118
1065,413,1143,416,1143,431,1064,429
88,91,181,81,184,103,91,113
1080,244,1161,240,1162,255,1081,259
1065,291,1125,289,1126,304,1066,306
1067,277,1113,275,1114,290,1068,292
1079,230,1140,227,1140,241,1080,244
1062,367,1124,366,1124,382,1063,383
1074,445,1127,447,1126,461,1074,459
1128,367,1178,366,1178,381,1128,382
1125,149,1163,144,1165,160,1127,165
1174,192,1209,187,1211,203,1176,207
1064,263,1101,262,1102,275,1064,276
1125,164,1164,159,1166,174,1127,180
1213,187,1244,184,1245,198,1214,201
1056,232,1095,231,1096,246,1056,247
1059,248,1094,246,1095,261,1060,263
