41,677,131,639,148,683,58,721
916,504,984,506,984,531,915,529
919,449,988,450,987,475,918,474
922,534,987,534,987,559,922,560
918,337,994,338,994,364,917,363
913,588,976,589,976,611,912,609
919,422,988,422,987,447,919,447
917,560,986,561,986,585,917,584
996,239,1045,234,1047,252,998,257
918,478,987,478,987,501,918,501
82,321,146,319,147,349,83,351
919,366,985,367,985,390,919,390
923,394,984,394,984,420,923,419
1150,294,1232,293,1232,310,1151,311
1256,290,1339,291,1339,311,1255,310
1245,268,1324,266,1324,286,1245,288
1012,258,1046,254,1049,274,1015,279
953,244,994,239,996,259,955,264
867,276,920,270,921,287,869,293
1161,271,1234,270,1234,287,1162,288
974,264,1013,260,1015,278,975,282
