251,118,394,130,391,169,248,157
14,39,184,11,191,57,21,85
110,220,206,221,205,239,110,238
120,419,223,409,225,427,121,437
105,102,203,109,200,151,103,143
168,523,256,507,259,524,171,540
111,147,229,152,227,193,109,188
125,381,197,375,199,393,126,399
196,337,262,333,263,352,197,355
117,294,179,291,179,310,118,312
132,496,193,487,195,504,134,513
324,446,385,438,387,454,326,462
237,157,358,164,356,201,235,194
137,580,192,569,195,587,140,598
339,408,417,401,418,420,341,427
293,370,409,365,410,387,294,392
648,249,718,243,720,261,649,268
201,374,273,368,274,385,203,391
127,458,173,451,176,469,129,475
134,540,173,534,175,551,137,557
112,258,157,257,157,274,112,275
193,486,230,480,233,497,195,502
119,343,167,341,168,358,120,360
386,437,420,432,422,448,387,452
159,256,222,257,222,276,159,275
213,301,256,299,256,317,214,319
157,302,213,300,214,318,157,320
188,449,230,443,232,460,190,466
170,341,198,340,198,356,170,356
353,169,392,169,392,200,353,200
213,117,241,119,239,150,211,148
