1160,58,1287,31,1296,74,1169,101
754,386,871,379,871,395,755,402
1145,169,1217,157,1222,186,1149,197
733,206,804,205,804,230,733,231
764,365,859,359,860,375,765,381
969,126,1028,111,1036,141,976,156
744,291,808,286,810,308,745,313
811,284,869,281,870,306,813,309
781,134,825,135,825,151,780,149
745,79,799,78,799,101,745,102
1167,139,1227,133,1229,154,1169,160
803,203,866,205,866,231,803,230
801,77,865,82,863,107,799,101
1294,48,1342,40,1345,60,1297,68
788,113,834,115,833,131,788,129
742,112,786,114,785,132,742,130
706,115,742,113,744,132,707,134
