585,60,887,121,874,192,571,130
1100,246,1197,240,1198,255,1101,262
122,92,209,84,211,113,124,121
56,74,124,71,125,97,57,100
1091,406,1166,408,1166,423,1091,422
128,72,212,64,214,85,130,93
1096,438,1153,441,1152,456,1095,453
1098,231,1179,226,1180,241,1099,246
1085,265,1131,262,1132,278,1086,280
1086,281,1142,277,1143,292,1086,295
1095,216,1151,213,1151,227,1096,230
1087,357,1145,356,1146,373,1087,374
1148,358,1201,357,1201,373,1148,373
1189,177,1225,171,1228,188,1191,194
1228,171,1258,167,1260,183,1230,186
1139,133,1174,128,1176,143,1141,149
1076,188,1123,183,1124,198,1077,202
1078,249,1121,247,1122,263,1079,264
1073,219,1110,216,1111,231,1073,234
1075,235,1113,233,1114,247,1076,250
1144,185,1172,181,1174,195,1145,199
