50,0,216,64,202,102,36,38
833,126,919,84,935,118,849,160
273,299,339,298,339,313,273,315
909,84,955,63,971,102,926,123
327,272,404,270,404,287,328,290
318,229,391,230,391,246,318,245
134,309,184,303,185,319,136,325
321,255,394,252,395,268,322,272
277,316,337,315,337,331,278,332
275,275,318,273,319,288,276,289
267,214,310,212,311,228,268,230
318,341,365,338,366,356,319,359
261,345,318,342,319,360,262,363
336,296,386,294,387,311,337,313
280,257,322,254,323,270,281,272
135,323,179,319,180,335,137,340
275,231,312,229,313,246,275,247
336,315,377,313,378,329,337,331
358,211,404,212,404,228,358,227
132,343,168,339,171,367,135,371
310,213,358,212,358,228,311,228
165,339,199,335,201,359,167,362
196,336,228,332,231,355,198,360
