15,11,178,74,164,112,2,50
799,140,882,99,898,133,815,174
243,316,310,315,311,331,243,332
876,95,921,75,938,115,892,135
294,288,371,287,371,305,294,307
107,326,159,320,160,336,109,342
250,334,308,332,308,349,251,350
289,247,364,246,364,262,289,263
290,273,360,269,361,285,291,289
233,363,289,360,290,377,234,380
245,292,287,290,287,305,246,307
290,359,336,356,337,374,290,376
111,340,152,336,153,352,113,356
309,332,346,331,346,347,309,348
236,231,277,229,277,245,236,246
278,230,326,229,326,245,278,246
254,273,293,271,294,287,255,289
329,228,373,228,373,243,329,244
107,359,142,356,144,385,110,388
143,356,174,352,177,376,146,380
245,248,280,247,281,262,246,264
170,354,201,350,204,372,173,376
316,313,358,312,359,328,316,330
