1051,240,1203,226,1207,268,1054,283
1201,233,1317,218,1320,246,1205,262
1023,424,1117,429,1116,450,1022,444
1042,299,1144,298,1144,318,1042,320
1148,295,1218,291,1219,313,1149,317
1115,433,1181,435,1181,453,1115,450
1253,369,1324,373,1324,388,1252,384
991,251,1051,245,1054,281,994,287
1104,330,1160,330,1160,351,1104,351
1163,329,1210,332,1209,354,1162,352
1090,365,1142,366,1142,382,1090,381
1184,435,1227,437,1226,454,1183,452
1171,363,1242,367,1241,386,1170,382
1229,438,1263,440,1262,456,1227,453
1144,366,1178,367,1178,384,1144,382
1068,330,1098,330,1098,349,1068,349
