250,119,393,134,389,173,246,158
22,38,185,7,194,55,30,87
111,147,228,154,226,193,109,186
110,219,205,221,205,240,109,237
107,100,203,109,200,151,103,142
163,523,249,508,252,526,165,540
292,373,406,367,407,390,294,396
120,419,218,410,219,428,122,436
127,495,187,487,189,505,129,512
115,293,175,291,175,310,115,312
131,580,184,569,188,587,135,598
236,157,354,166,351,204,234,195
193,338,259,335,259,353,194,357
316,449,381,441,383,458,318,466
123,381,191,377,192,394,124,398
123,457,168,452,170,469,125,474
331,413,412,406,413,423,332,430
129,538,166,532,168,551,132,556
111,258,156,257,156,274,111,275
196,374,268,371,269,388,197,392
116,343,168,341,168,358,117,360
187,487,224,482,226,498,189,503
374,442,412,436,414,452,376,458
158,256,218,257,218,276,158,275
210,302,251,301,252,318,210,319
184,450,225,445,227,461,186,466
158,302,209,301,209,319,159,320
348,171,391,172,391,203,347,202
168,340,197,340,197,356,168,356
212,119,241,121,239,151,210,149
