255,121,394,134,391,173,252,160
39,37,204,13,211,64,45,87
122,151,233,156,231,197,120,192
158,531,242,517,245,534,161,549
120,425,215,415,217,435,121,445
303,375,393,371,394,394,304,398
118,223,210,225,209,244,118,243
240,160,355,167,353,204,238,197
122,504,180,496,183,513,124,521
325,416,399,409,401,427,327,435
121,298,183,297,183,317,121,318
118,388,191,382,192,400,120,406
120,107,214,112,212,154,118,149
123,590,176,580,179,598,127,608
314,454,355,449,357,465,316,470
194,343,257,341,257,358,194,360
123,546,158,542,160,561,125,565
119,350,166,347,167,364,120,367
195,380,264,375,265,393,196,397
347,172,390,172,390,203,347,204
183,495,218,491,219,506,184,510
161,263,221,261,222,279,161,281
121,466,165,460,167,477,123,482
178,457,219,452,221,468,179,473
212,307,252,305,253,322,212,323
118,263,159,263,160,280,118,281
370,445,400,441,402,455,372,460
158,305,212,304,213,324,159,325
281,460,311,457,312,473,283,476
220,118,247,119,245,151,219,149
168,346,199,345,200,362,169,363
