1147,26,1278,-8,1289,35,1158,69
744,376,860,367,862,385,745,394
1136,141,1208,128,1214,157,1141,171
756,356,851,347,852,363,757,372
785,56,848,61,847,85,784,81
731,279,791,272,793,296,734,303
722,192,790,189,791,215,723,218
728,60,781,58,782,81,729,83
792,188,853,188,853,215,791,214
800,271,858,265,860,291,802,296
762,114,818,115,818,132,762,131
955,100,1015,83,1024,114,963,131
1153,111,1215,102,1218,128,1156,136
773,94,821,95,821,112,772,110
727,96,771,95,771,113,728,114
692,99,727,96,729,115,694,118
821,97,857,101,856,115,820,112
