66,91,294,111,290,163,62,144
33,426,284,403,288,444,36,467
296,402,472,391,474,430,298,441
141,149,291,162,289,187,139,174
216,463,301,454,304,479,219,488
244,501,343,490,345,510,246,521
426,538,475,528,478,543,429,553
341,554,397,544,399,559,344,569
94,477,160,470,162,498,96,505
160,470,214,463,217,489,163,496
83,148,155,150,154,176,82,173
349,446,415,438,417,461,351,469
33,485,88,479,91,507,36,513
302,453,346,447,349,470,305,477
423,456,468,451,470,471,424,475
422,471,470,465,472,485,424,491
410,441,470,435,472,454,412,461
191,510,244,503,246,522,193,528
367,486,413,476,416,492,370,502
