36,644,125,608,140,647,51,683
927,473,998,474,998,500,927,499
927,393,991,394,991,417,927,416
931,528,997,529,996,552,930,551
928,420,995,422,994,445,928,443
924,446,996,447,996,473,924,472
928,555,990,556,989,578,928,576
924,338,990,339,990,363,924,362
930,502,997,502,997,528,930,527
1147,272,1234,270,1235,289,1148,290
921,311,994,312,993,339,921,339
994,217,1042,212,1044,231,996,235
925,366,979,366,978,390,924,389
973,239,1014,236,1015,254,975,257
1239,246,1314,248,1313,267,1239,266
1011,417,1055,418,1055,433,1011,432
1154,249,1228,248,1228,267,1154,267
1247,270,1328,271,1327,290,1246,289
870,251,921,246,922,262,872,267
1011,235,1046,231,1048,251,1014,255
956,221,996,217,997,236,957,239
