1047,224,1194,207,1199,251,1051,268
1191,216,1301,199,1305,226,1195,244
1052,285,1142,282,1143,301,1053,305
991,237,1047,229,1051,265,995,273
1142,278,1210,273,1211,294,1143,300
1030,349,1134,348,1135,364,1030,366
1246,352,1311,353,1311,368,1246,367
1102,315,1155,314,1155,333,1102,333
1170,348,1235,349,1234,367,1169,366
1114,417,1178,419,1177,436,1113,434
1157,314,1199,315,1199,336,1157,335
1179,417,1222,419,1222,437,1178,435
1055,414,1113,415,1113,433,1055,432
1221,420,1256,422,1255,438,1220,436
1140,350,1177,351,1177,367,1140,365
1024,411,1066,412,1066,431,1024,430
1069,314,1097,314,1097,332,1069,333
