166,47,278,52,276,88,165,83
889,238,961,240,961,265,889,263
89,33,155,34,155,77,88,76
367,70,466,77,464,105,365,98
360,140,478,144,477,161,359,157
33,78,85,77,85,101,33,101
34,46,84,45,84,71,34,72
195,115,260,119,259,137,194,134
89,80,182,87,180,109,88,102
116,111,189,117,187,134,115,129
197,133,265,136,264,155,197,152
262,119,311,124,310,141,260,137
145,133,201,135,200,153,144,150
43,129,85,130,85,145,42,144
76,109,117,110,117,129,75,127
115,132,153,134,153,150,115,148
180,87,218,88,217,110,180,109
83,130,113,131,112,147,82,146
