245,250,418,186,449,278,276,342
301,615,399,540,415,563,318,638
172,215,189,230,135,301,117,286
80,136,95,149,38,217,23,204
476,691,510,698,488,801,454,793
393,532,465,481,481,505,408,556
550,100,613,89,617,113,554,125
591,337,641,332,643,351,593,357
764,419,819,415,821,430,765,434
770,307,826,304,826,317,770,320
689,641,710,639,716,697,695,699
358,357,391,343,397,358,365,372
772,486,815,483,815,496,773,499
738,197,788,192,789,207,740,211
469,50,483,61,431,130,417,118
777,524,842,520,842,537,778,541
332,417,385,392,391,407,339,432
575,240,625,234,627,254,577,260
294,412,324,399,331,416,300,429
310,380,357,357,364,373,317,396
601,416,653,411,655,431,603,436
156,47,174,63,121,128,103,113
757,376,797,374,797,388,757,389
299,35,315,47,281,100,265,89
122,90,138,105,76,178,60,163
817,292,849,288,851,302,819,305
750,293,781,292,781,306,750,307
342,389,385,367,392,382,348,403
321,401,350,387,356,401,327,415
390,366,414,354,420,367,395,378
783,293,821,290,822,304,784,307
841,521,878,518,879,533,842,535
715,56,755,52,756,65,716,68
387,345,410,335,416,349,392,358
198,175,213,186,170,251,155,241
385,389,413,379,418,393,389,403
