612,80,890,127,879,195,601,149
94,112,178,103,181,130,97,139
1098,241,1192,233,1194,248,1099,257
98,90,185,79,188,102,101,113
1090,226,1174,219,1175,235,1092,241
24,94,97,90,99,116,26,120
1075,275,1135,271,1136,286,1076,290
1082,397,1158,399,1158,414,1081,413
1090,428,1144,430,1144,445,1089,443
1079,259,1125,256,1126,271,1080,274
1076,350,1138,348,1139,365,1077,367
1139,349,1194,347,1194,364,1139,366
1183,171,1219,166,1221,182,1185,187
1084,212,1141,207,1143,222,1085,227
1078,245,1118,243,1119,256,1079,259
1132,144,1167,139,1169,154,1134,159
1063,215,1097,213,1098,227,1064,230
1130,129,1170,123,1172,140,1132,145
1221,166,1251,162,1253,176,1222,180
1066,230,1097,228,1098,242,1067,244
1077,367,1111,366,1111,382,1077,383
