50,-16,218,54,202,93,35,22
825,124,913,78,930,112,842,159
270,299,336,298,336,313,270,315
316,253,390,251,390,267,317,269
900,79,946,57,965,98,918,121
322,271,398,268,398,286,322,288
313,227,388,226,388,242,313,243
132,307,181,302,183,318,134,323
274,316,332,315,332,332,274,333
270,229,306,228,307,243,271,245
264,211,306,209,307,225,264,226
353,207,400,209,400,225,353,222
269,273,315,272,315,287,270,288
121,344,165,339,167,368,123,372
279,255,320,253,321,269,280,270
332,315,370,314,370,331,332,332
256,346,312,343,312,361,256,364
308,208,359,210,359,225,308,224
311,342,361,339,362,358,312,361
350,296,383,295,384,310,351,311
130,322,173,319,174,335,132,339
191,337,224,333,226,356,194,360
162,340,193,336,196,360,164,364
