64,101,283,113,280,168,61,156
295,417,465,400,468,438,299,455
56,449,290,417,295,459,62,491
141,159,285,170,284,194,140,184
225,483,303,472,306,497,228,508
424,554,473,543,476,557,428,569
345,571,403,560,405,575,348,586
305,470,347,463,351,486,309,493
109,500,171,489,176,518,114,529
237,525,327,510,330,529,239,544
350,460,410,452,413,476,353,484
367,501,414,492,417,507,370,517
50,510,102,502,106,530,54,538
86,159,150,161,149,187,86,185
413,454,465,446,467,464,415,472
169,491,222,482,226,508,173,517
201,531,245,525,247,542,204,549
419,486,464,480,466,498,422,505
421,470,460,464,463,483,424,489
349,504,373,500,376,515,352,520
317,512,347,507,349,523,320,529
