35,-1,205,68,190,107,20,37
821,128,910,81,927,116,838,163
312,283,386,280,387,298,313,301
308,239,379,238,379,255,308,256
258,312,321,310,322,327,259,329
312,266,379,263,379,280,312,283
898,81,945,58,964,100,916,123
264,330,321,328,322,345,265,347
123,337,165,333,166,350,124,355
294,221,347,220,347,238,294,239
120,322,169,318,170,334,122,339
259,288,304,286,304,301,260,303
269,268,310,266,311,282,270,284
340,219,389,220,389,237,339,236
323,327,362,325,363,343,324,344
324,308,360,306,361,323,324,325
247,359,303,356,304,373,248,376
251,224,294,222,295,238,252,241
115,357,154,353,156,382,118,386
260,243,297,241,297,257,261,259
176,351,215,347,218,369,179,374
303,356,350,353,351,370,304,373
150,354,188,349,191,374,153,378
