182,64,269,70,267,101,180,95
872,239,943,241,943,264,872,262
358,147,471,152,470,168,357,163
364,85,459,91,458,117,362,110
102,53,163,56,161,94,100,91
99,94,190,101,188,121,98,114
202,127,258,129,258,145,202,143
134,141,184,143,184,158,134,156
46,91,95,93,94,113,46,112
136,124,195,127,194,141,135,138
93,119,146,122,145,139,92,136
265,129,311,134,309,149,263,144
203,143,265,145,265,161,202,159
56,138,93,139,93,152,56,151
50,63,95,65,94,86,49,84
187,100,219,101,218,120,186,119
94,138,121,139,120,155,93,153
