271,120,402,128,400,168,269,159
57,39,220,10,227,58,64,87
137,422,228,412,230,431,139,441
173,528,255,512,258,530,176,545
140,150,246,154,245,193,139,190
312,373,405,367,407,389,313,395
207,342,270,339,271,355,208,358
136,105,225,110,223,151,134,146
641,247,712,241,713,260,643,266
335,413,413,405,414,423,336,431
256,158,366,163,364,201,254,196
140,500,200,492,202,509,143,517
323,450,376,443,378,460,325,467
138,586,191,575,195,594,142,605
135,222,222,222,221,242,135,241
136,295,205,293,206,312,137,314
137,386,207,380,208,397,138,403
139,543,177,538,179,556,142,562
177,260,236,259,236,277,177,277
209,378,278,373,280,390,210,395
196,491,232,486,234,502,198,507
134,347,182,345,183,361,135,364
134,261,176,261,176,277,135,278
380,441,412,436,414,452,382,457
138,462,180,457,182,473,140,478
173,306,223,304,224,321,173,323
197,454,232,450,234,465,198,469
226,305,265,302,266,319,227,321
182,344,213,344,213,358,182,359
366,169,401,169,400,201,365,201
297,456,323,454,324,470,298,471
