1179,62,1316,34,1324,79,1187,106
756,386,873,380,874,396,756,402
1159,174,1234,162,1238,191,1163,203
750,291,815,287,816,310,751,315
764,365,861,361,862,377,765,381
986,129,1044,115,1051,145,992,159
793,135,846,137,846,153,793,152
744,207,814,207,815,232,744,233
1180,145,1244,138,1247,165,1182,172
761,81,817,80,817,102,761,103
815,206,877,207,877,234,815,233
819,81,880,86,878,109,817,103
819,286,875,284,876,307,819,309
800,116,849,118,848,134,799,132
720,117,756,115,757,133,721,135
758,115,800,116,800,134,757,132
