42,62,277,80,273,135,38,118
291,384,467,371,469,412,294,425
30,416,282,388,286,430,35,458
133,122,280,138,277,163,131,148
213,451,296,441,299,467,216,477
427,525,475,513,478,529,430,540
340,541,400,530,403,547,343,557
87,468,157,457,162,488,92,499
347,429,411,421,414,446,350,455
236,492,310,483,312,503,238,511
23,478,82,471,85,500,26,506
68,125,134,127,133,152,67,149
421,456,470,450,472,471,423,476
153,459,208,451,212,477,157,485
365,471,414,462,416,478,368,487
411,423,468,417,470,438,413,444
422,439,467,435,469,454,424,459
299,440,343,433,347,457,302,464
188,499,229,494,231,513,190,518
