8,651,95,614,109,652,22,689
1151,270,1246,268,1246,287,1152,289
908,453,981,454,981,478,908,477
909,396,983,397,982,424,909,423
908,343,980,345,980,369,907,368
1265,267,1358,266,1358,285,1265,286
911,426,984,427,983,451,911,450
909,534,987,536,986,560,908,558
908,564,974,565,974,587,908,585
911,510,985,510,985,535,911,535
908,481,981,481,981,507,908,506
851,256,906,250,908,267,853,274
40,300,116,298,117,338,42,341
911,371,979,372,979,396,911,395
985,220,1038,215,1040,232,987,238
943,224,989,219,991,239,945,244
1255,244,1340,242,1340,262,1256,264
907,313,986,314,986,341,907,340
1002,239,1041,234,1043,252,1005,257
1162,246,1243,246,1243,264,1161,263
1191,427,1217,426,1218,439,1192,440
964,243,1009,239,1010,257,965,261
