379,404,502,389,505,414,382,429
378,366,494,353,498,391,382,405
388,172,469,163,471,182,389,191
884,213,935,203,941,235,890,245
377,307,434,301,435,317,378,323
185,284,265,263,272,293,193,314
239,329,315,309,329,369,253,389
374,342,435,336,437,358,376,363
461,299,500,296,501,309,462,312
258,380,321,359,331,393,268,413
429,335,504,327,507,350,432,358
446,285,494,281,495,297,448,301
378,292,420,288,421,304,379,308
411,288,448,285,449,301,412,304
439,301,470,299,470,312,440,314
886,341,922,327,929,345,893,358
