982,456,1122,497,1112,535,972,493
1155,226,1333,213,1336,260,1159,273
771,42,886,-3,899,32,784,78
812,590,943,675,916,719,786,634
1116,495,1320,566,1308,602,1104,530
975,120,1045,108,1051,142,980,154
1045,106,1149,77,1157,109,1053,138
1045,66,1117,42,1126,73,1055,96
1024,197,1116,187,1120,221,1027,231
787,305,979,337,963,444,770,412
975,246,1052,242,1053,271,976,275
1057,236,1152,231,1153,267,1059,272
971,213,1021,208,1023,232,974,237
1066,372,1160,383,1157,418,1062,407
1215,338,1336,350,1333,387,1212,375
1126,328,1212,331,1211,371,1125,368
1003,364,1068,374,1064,404,999,394
1119,192,1167,185,1171,215,1123,221
1032,322,1127,333,1124,369,1028,358
978,328,1028,331,1026,357,976,353
1014,72,1046,66,1052,97,1020,103
968,87,1015,73,1023,104,977,118
865,520,931,548,920,576,854,549
