10,667,102,627,119,667,26,708
911,426,981,428,981,452,911,451
908,339,978,338,978,363,909,364
913,368,968,369,967,394,912,393
909,395,980,396,980,424,908,424
1141,264,1233,263,1233,281,1141,282
904,483,980,484,980,511,904,510
986,208,1035,203,1037,222,987,227
908,455,977,457,976,481,908,480
908,543,979,542,980,567,908,568
906,571,967,572,966,596,906,595
1152,241,1226,240,1226,258,1152,259
914,515,981,515,980,542,913,542
62,293,125,291,125,318,62,319
1247,262,1332,262,1331,283,1247,282
1238,239,1314,237,1314,257,1239,258
858,247,910,241,912,256,860,262
908,309,983,308,983,337,908,337
964,231,1005,228,1006,249,966,252
944,212,987,208,989,228,946,233
1001,227,1036,223,1039,243,1004,248
