728,460,811,462,811,482,728,481
1071,192,1151,190,1152,211,1071,213
1101,216,1189,213,1189,232,1102,235
646,284,714,283,715,301,647,303
727,442,808,444,807,466,726,464
556,243,631,243,631,263,556,262
539,201,608,200,608,218,540,219
572,264,616,262,616,282,572,283
723,418,829,417,829,438,723,439
728,484,797,485,797,504,728,503
541,221,639,222,638,242,541,242
580,167,614,166,614,187,581,188
673,233,753,227,756,265,676,270
1148,189,1190,190,1190,208,1147,208
617,218,654,219,654,236,617,234
541,265,569,265,569,285,541,285
648,217,709,219,708,238,648,237
543,285,569,284,570,306,543,307
