1153,39,1296,3,1307,49,1163,85
734,396,854,385,855,403,735,414
1139,157,1216,142,1222,172,1145,188
747,374,841,366,843,382,748,391
724,299,791,292,794,314,727,321
721,81,781,77,782,101,723,106
793,292,851,287,853,310,795,315
781,78,844,80,843,105,780,103
761,137,807,135,807,152,761,153
714,212,784,209,785,235,715,238
784,208,847,206,847,234,785,235
1156,126,1231,115,1235,142,1160,153
954,118,1016,102,1024,134,962,149
1298,22,1347,9,1353,31,1303,44
721,118,766,116,767,134,722,137
685,121,721,117,723,137,687,140
768,117,811,116,812,131,768,132
819,118,852,118,852,134,818,133
