37,84,266,94,264,147,34,137
282,394,455,378,458,418,285,433
26,422,273,396,277,437,30,464
206,457,290,448,292,473,208,482
122,139,267,149,265,175,120,165
415,530,465,519,469,534,418,545
335,547,391,536,393,550,338,562
256,495,339,482,342,499,258,512
85,474,151,465,154,494,89,502
340,438,401,430,403,453,343,461
181,506,228,498,230,517,184,524
57,136,139,139,138,167,56,164
24,483,79,476,82,505,28,512
413,445,456,442,458,461,415,464
412,463,457,459,459,476,413,481
149,465,202,457,206,484,153,491
402,431,458,425,460,444,404,450
292,447,331,441,334,463,295,469
355,478,402,469,405,485,358,493
321,483,353,477,355,493,323,499
