249,119,386,130,383,167,246,156
22,39,186,14,192,60,28,86
115,412,212,402,214,421,117,431
154,516,242,500,245,517,157,534
107,102,202,109,199,150,105,143
286,363,402,358,403,383,287,388
321,401,405,394,406,413,322,421
111,146,225,151,223,190,109,186
112,376,190,370,191,387,113,394
633,245,703,240,704,257,634,262
188,333,253,329,254,347,189,350
118,489,178,481,180,499,120,507
233,156,348,162,346,197,231,191
113,289,179,286,179,305,114,307
121,573,175,564,178,582,124,591
115,453,158,447,160,463,117,469
120,529,155,525,157,543,122,547
110,216,196,218,196,236,110,235
155,254,214,254,214,272,155,271
109,255,150,254,150,270,109,271
179,481,215,475,217,490,181,496
192,367,261,363,262,381,193,385
175,444,216,439,218,454,177,459
110,338,158,335,159,352,111,355
369,430,405,425,407,440,371,445
311,438,370,431,372,448,313,455
204,296,246,295,247,312,205,314
151,295,207,294,207,314,151,315
349,167,386,167,386,197,349,196
162,335,185,334,186,351,162,352
283,445,311,442,312,457,285,460
209,117,239,119,237,150,207,148
