1030,222,1174,207,1178,249,1034,264
1175,213,1286,195,1290,223,1179,240
1127,275,1192,271,1193,292,1128,296
1020,284,1115,281,1116,301,1021,304
974,235,1030,227,1035,263,978,270
1007,408,1095,411,1094,430,1006,427
1224,349,1291,350,1291,365,1224,364
1007,348,1079,347,1079,362,1007,363
1137,312,1180,312,1180,333,1137,332
1092,414,1159,416,1159,433,1092,431
1149,346,1214,345,1214,364,1149,365
1084,311,1136,310,1136,332,1084,333
1064,348,1122,347,1122,364,1065,365
1201,417,1235,419,1234,434,1201,432
1050,313,1079,312,1080,331,1050,332
1154,413,1202,417,1201,435,1153,432
1120,347,1158,348,1158,365,1120,364
