178,280,448,301,443,364,174,344
1185,11,1338,12,1337,53,1185,51
1113,458,1215,460,1214,496,1112,494
1100,403,1198,399,1200,438,1102,441
1094,345,1181,333,1185,367,1099,379
1069,261,1161,234,1169,265,1078,292
984,292,1050,274,1057,298,990,317
1009,411,1082,407,1083,441,1011,445
44,378,132,371,134,394,45,401
777,310,818,304,820,319,779,325
916,273,960,268,961,284,918,288
1097,374,1187,367,1189,405,1099,411
780,333,824,328,826,344,781,349
786,240,827,238,828,261,787,263
838,320,879,319,880,334,838,336
956,267,992,263,993,278,957,283
