65,91,293,110,289,162,61,143
58,424,301,404,304,444,61,464
312,401,482,391,484,429,314,439
142,148,292,161,290,187,140,174
237,461,319,453,321,478,239,486
259,501,365,488,367,508,261,521
366,444,429,438,431,462,368,468
445,536,493,526,496,541,448,550
364,551,421,540,423,555,367,566
214,508,258,502,260,521,216,526
82,146,158,148,157,175,82,173
116,475,182,467,185,495,120,503
386,483,432,476,434,493,388,499
58,483,110,477,113,505,60,511
430,440,485,436,486,455,432,459
179,468,235,461,238,488,181,494
319,453,363,446,367,469,323,476
436,470,487,465,489,486,438,491
439,454,486,451,487,470,440,473
359,487,388,483,390,499,361,504
