741,464,834,466,833,493,740,491
655,295,723,291,724,313,656,316
739,432,845,433,845,453,739,451
1099,226,1188,223,1188,243,1099,246
1076,201,1156,201,1156,222,1076,223
744,500,811,501,811,520,744,519
588,251,675,250,676,269,589,271
682,239,765,236,767,276,684,279
549,210,611,209,612,226,549,227
577,274,626,272,627,293,578,295
550,230,635,230,635,249,551,250
584,175,620,174,620,195,585,196
551,254,595,255,594,273,551,271
660,226,727,228,727,247,660,246
553,275,580,276,579,295,552,294
633,228,661,229,661,245,633,244
1148,199,1194,200,1193,220,1148,219
