1160,397,1227,393,1228,421,1161,425
1191,428,1265,422,1266,445,1192,450
1097,404,1161,399,1163,425,1098,429
1176,467,1263,466,1264,495,1177,496
1137,524,1193,527,1192,542,1136,540
1082,505,1136,503,1137,519,1083,521
1169,508,1224,509,1224,526,1169,525
1188,527,1227,526,1227,542,1189,543
1226,509,1287,508,1287,525,1226,526
1072,435,1111,431,1113,452,1074,456
1150,429,1192,428,1193,448,1150,450
1109,431,1154,427,1155,449,1111,452
1136,507,1182,509,1181,524,1136,522
1145,470,1171,470,1171,490,1145,490
1124,469,1153,469,1152,489,1123,488
