1164,56,1301,24,1310,69,1174,101
751,400,865,393,865,410,752,417
1147,172,1224,160,1229,191,1151,203
762,379,858,373,859,389,763,395
804,213,866,214,866,240,804,239
742,304,809,297,811,320,744,326
746,83,803,82,803,106,747,108
780,139,833,141,833,158,779,157
811,296,866,293,867,317,812,321
971,129,1029,114,1037,146,978,161
734,215,804,214,804,240,734,241
804,81,865,86,863,111,802,106
1166,142,1235,134,1238,160,1169,168
788,120,837,122,837,137,787,135
710,123,743,120,745,138,712,142
743,119,787,119,787,138,743,137
