40,638,128,601,144,644,56,680
920,429,992,430,992,454,920,453
919,456,992,457,992,482,919,481
913,343,986,345,986,370,912,368
917,483,993,484,992,511,916,509
917,399,989,400,988,425,917,424
923,514,992,515,991,542,923,540
918,567,987,569,987,594,917,593
918,372,990,372,990,397,918,397
1267,271,1357,271,1357,290,1267,291
1156,273,1245,271,1245,289,1156,290
990,217,1041,212,1043,231,992,236
921,540,996,542,996,567,921,565
1256,247,1342,245,1343,266,1256,267
1162,248,1245,247,1245,267,1163,268
859,253,911,247,912,263,860,269
947,221,993,217,994,236,949,241
1003,236,1043,231,1046,252,1005,257
968,239,1012,236,1013,256,969,259
