348,71,443,76,442,104,346,99
859,230,932,231,931,256,859,254
174,53,248,56,247,89,173,86
341,139,455,143,454,160,340,156
85,38,146,40,145,83,84,82
121,134,176,136,175,154,121,152
85,87,174,91,173,112,84,108
107,116,176,119,176,136,107,133
172,91,199,90,200,112,172,112
32,85,80,87,79,107,31,105
37,132,86,135,85,150,36,147
247,120,294,123,293,141,246,138
187,118,244,120,243,138,187,136
31,51,80,52,79,80,31,78
188,137,247,139,246,156,188,154
72,114,107,116,106,133,71,131
77,133,106,135,106,150,76,149
