626,168,762,161,763,203,628,209
638,210,754,205,755,240,640,245
962,158,1064,89,1088,128,986,197
631,325,710,322,711,349,632,352
639,266,681,264,682,284,640,286
698,141,736,143,735,159,697,157
717,320,760,324,757,351,714,347
630,297,677,293,679,315,632,320
640,470,699,471,699,486,639,485
252,154,320,198,303,227,234,182
701,468,756,467,756,483,702,484
685,290,749,289,749,314,685,315
672,422,736,422,736,436,672,436
373,319,433,316,434,329,373,331
664,143,693,141,694,156,665,158
633,149,666,143,669,161,636,166
