676,298,744,296,745,318,676,320
763,489,835,491,835,510,763,509
763,513,827,515,827,534,762,533
759,470,830,472,829,490,758,489
1125,236,1214,234,1214,253,1125,255
1096,209,1173,208,1173,230,1097,231
564,208,632,206,633,225,565,227
570,231,646,230,646,249,570,250
613,253,699,252,699,272,613,273
682,228,752,229,752,248,682,247
606,173,640,172,640,194,607,194
600,277,649,276,650,295,600,296
759,445,858,444,858,460,759,461
1175,209,1215,210,1215,228,1175,227
572,278,600,278,600,297,572,298
570,255,612,254,613,273,570,273
652,230,678,230,678,247,652,246
