230,247,408,180,440,275,263,341
296,600,391,527,407,549,312,623
168,204,185,219,128,291,111,277
73,131,88,144,34,208,19,195
383,527,454,473,469,494,397,548
674,632,698,630,704,691,679,693
464,680,498,688,478,782,444,774
535,94,591,85,595,107,538,116
722,193,777,188,779,204,724,209
323,406,371,388,377,404,329,423
750,418,809,416,809,431,751,433
761,306,813,303,814,317,762,320
587,411,638,408,639,428,588,432
300,370,344,350,351,366,307,386
758,486,803,484,803,497,759,498
559,236,611,229,614,250,562,257
763,524,826,523,826,538,764,539
576,333,625,328,627,348,577,352
122,72,136,84,79,152,66,140
446,36,463,47,415,124,398,113
770,292,813,289,813,305,771,308
379,358,413,342,418,354,385,370
744,375,783,374,783,387,744,389
346,349,377,336,383,351,352,365
703,48,739,44,740,56,704,61
805,290,841,287,842,302,806,305
311,390,336,379,342,394,317,405
774,188,810,186,811,200,775,202
336,378,376,358,383,373,343,392
285,401,314,391,319,408,291,418
825,521,867,519,868,535,826,537
285,28,301,41,267,89,250,76
372,339,400,326,407,340,378,354
370,384,398,373,403,387,376,398
157,29,172,41,120,108,105,95
740,294,776,292,777,306,741,309
428,82,445,93,408,151,392,140
