1156,223,1339,211,1342,260,1158,271
988,456,1128,497,1118,535,977,493
762,43,876,-4,890,30,776,79
818,592,949,677,921,722,790,637
1023,195,1115,185,1119,219,1026,230
972,119,1042,106,1048,139,977,152
783,305,983,338,966,445,767,412
1042,104,1147,75,1155,107,1050,136
1042,63,1113,39,1123,70,1051,94
974,244,1052,241,1054,270,975,273
1101,488,1364,562,1353,606,1090,533
1069,370,1166,385,1161,419,1064,405
969,211,1020,207,1022,231,971,236
1033,322,1131,332,1128,369,1029,358
1222,338,1342,349,1339,385,1219,375
1058,235,1153,230,1155,265,1060,270
1010,70,1043,62,1050,95,1017,103
1131,332,1218,336,1217,374,1129,370
978,327,1029,331,1028,356,976,353
1005,363,1071,374,1066,404,1001,393
1119,190,1167,184,1171,213,1122,219
964,86,1013,70,1022,101,973,116
867,520,941,548,930,577,857,548
826,504,875,524,864,553,815,533
