828,595,955,676,929,720,803,639
999,453,1131,491,1121,529,989,491
804,304,993,336,977,444,787,412
786,42,898,-5,912,30,801,78
1160,223,1328,210,1331,256,1163,269
1056,103,1158,75,1167,107,1064,135
988,119,1058,105,1064,138,994,152
1035,194,1125,183,1129,218,1039,229
1123,488,1312,554,1301,589,1112,524
1058,63,1127,41,1136,72,1067,94
1069,234,1161,227,1163,261,1071,268
984,210,1033,204,1036,228,987,234
1043,319,1136,328,1133,366,1040,357
893,175,935,184,922,246,880,237
1219,332,1336,343,1333,380,1216,369
1075,368,1167,380,1163,413,1071,401
988,244,1065,239,1066,267,990,272
993,324,1042,328,1041,355,991,351
1015,360,1080,371,1075,401,1011,390
1128,188,1174,182,1178,211,1132,217
984,86,1028,71,1037,101,993,115
880,519,947,547,936,576,868,549
1027,71,1059,62,1067,94,1035,103
1137,329,1213,329,1213,363,1137,362
