391,387,514,372,516,396,394,410
419,347,504,337,508,373,423,382
380,156,461,147,463,165,382,174
376,290,438,285,439,300,378,306
893,202,939,193,944,224,899,233
179,266,262,245,269,275,186,296
255,363,326,342,335,375,264,396
460,283,498,279,499,293,461,296
235,308,318,292,328,347,245,363
450,267,495,264,496,280,451,283
442,318,512,311,514,333,444,340
380,324,433,319,435,340,382,345
410,272,449,269,450,284,411,287
377,275,421,271,422,287,378,291
901,327,939,314,945,332,907,345
391,347,445,343,447,375,394,379
440,284,471,282,472,295,440,297
