192,280,462,298,458,359,188,340
1202,2,1349,6,1348,44,1201,39
1109,393,1204,390,1206,428,1110,431
1119,451,1222,452,1222,487,1119,486
1082,251,1173,224,1182,255,1090,282
998,284,1062,265,1069,289,1005,309
1103,337,1191,325,1195,357,1107,370
1115,365,1194,359,1196,392,1118,398
1017,404,1088,399,1090,433,1019,438
787,303,831,296,833,311,789,318
32,379,125,372,127,395,34,402
930,263,973,259,974,274,932,279
801,233,840,230,841,253,802,255
848,312,892,310,892,326,849,328
972,258,1004,253,1007,269,974,273
