230,223,420,155,456,263,266,330
283,604,388,525,404,549,300,628
168,187,186,203,127,278,109,263
457,682,493,693,465,791,430,780
378,522,451,468,467,491,394,545
68,116,83,130,29,196,13,182
548,72,614,61,619,87,552,98
666,630,691,628,697,693,671,696
732,177,783,173,784,188,733,192
580,320,628,316,630,337,581,341
751,407,809,407,809,421,751,422
568,219,620,213,622,235,570,241
380,346,419,330,425,343,385,360
326,397,372,378,378,393,331,412
589,403,639,398,641,419,591,424
756,477,800,476,800,488,757,490
761,518,820,517,820,531,761,533
767,291,821,289,822,303,768,305
345,340,378,326,384,341,350,355
301,360,346,340,353,356,308,376
746,364,785,363,785,376,747,378
470,14,482,24,428,97,415,86
281,395,315,382,320,399,286,411
715,28,749,24,750,38,716,42
111,66,129,82,65,157,47,141
773,278,814,276,815,291,774,293
330,372,373,351,379,366,337,387
781,172,815,169,816,183,782,186
812,276,843,273,844,287,813,289
741,278,779,275,780,293,743,296
367,376,399,363,404,376,372,389
375,326,402,315,408,330,381,342
302,0,317,10,274,71,259,60
159,11,176,26,119,94,103,79
309,383,335,371,341,386,315,397
