59,78,276,91,273,143,57,130
49,414,284,387,288,429,53,455
292,385,459,372,462,411,295,424
143,134,276,143,274,167,141,158
220,449,298,439,301,465,223,475
420,525,470,513,474,528,423,541
342,540,399,530,401,545,345,555
346,429,409,422,412,446,348,453
105,466,167,456,171,484,109,494
250,490,330,479,332,497,253,508
44,474,98,467,102,496,48,503
82,131,149,134,148,161,81,157
417,456,462,451,464,469,419,475
406,425,461,417,464,436,408,443
364,470,411,462,413,477,367,486
419,441,458,436,460,453,421,458
300,439,343,432,346,455,304,461
196,497,239,491,242,509,199,515
160,458,213,450,217,476,164,484
