876,238,951,240,950,265,876,263
365,79,462,84,461,111,364,105
358,144,471,150,470,166,357,160
101,43,167,46,166,89,100,87
132,139,196,141,196,159,132,156
172,57,238,60,236,93,170,90
121,120,192,124,192,140,120,136
97,91,189,97,188,116,96,110
221,61,278,63,277,96,220,94
46,88,95,89,94,111,46,109
202,141,265,143,264,161,202,158
265,126,310,129,309,146,263,143
201,124,259,128,258,143,200,139
53,136,95,137,95,152,52,151
185,96,215,96,215,117,185,116
50,58,94,58,94,81,49,80
86,117,124,120,123,137,85,134
52,118,82,119,82,134,51,133
