39,20,192,78,179,114,26,56
799,122,883,80,899,114,815,157
296,239,367,237,368,253,296,255
249,308,311,304,312,321,250,325
875,78,922,56,940,96,893,118
300,264,369,260,370,276,301,280
283,222,335,221,336,237,284,238
256,325,311,322,312,339,257,341
120,319,166,313,168,329,122,335
299,281,377,278,377,293,300,297
123,333,164,328,165,345,125,349
295,349,343,346,344,363,296,366
162,347,200,342,203,365,165,371
310,323,351,320,352,335,311,338
241,353,294,350,295,367,242,370
252,284,296,281,297,297,253,300
243,226,285,223,286,238,245,241
260,266,301,264,302,279,260,281
329,219,375,220,375,236,329,235
318,304,353,303,354,318,319,319
252,242,288,240,289,254,253,257
118,353,153,349,156,375,121,379
