22,667,117,625,134,667,39,708
932,407,1005,408,1005,433,932,432
941,545,1008,546,1008,569,940,568
936,435,1001,436,1001,459,936,458
938,518,1010,519,1010,544,938,544
1001,230,1053,226,1054,244,1003,248
936,572,997,573,996,596,936,594
935,463,996,464,996,488,935,487
934,490,1003,491,1003,516,933,516
1167,262,1242,263,1242,280,1167,279
1252,261,1327,262,1327,280,1252,279
1158,285,1241,284,1241,301,1159,302
1260,284,1344,284,1344,303,1260,302
931,379,1001,380,1000,406,931,405
876,265,928,259,930,275,878,281
1018,248,1053,245,1055,264,1019,267
984,253,1024,250,1025,267,985,271
963,233,1005,229,1007,250,965,253
1195,438,1220,438,1221,452,1195,453
1018,433,1067,434,1067,449,1018,448
