728,469,808,471,808,493,728,491
1090,221,1179,214,1180,231,1092,238
1057,193,1138,189,1139,212,1058,215
631,294,700,291,701,311,632,314
721,432,828,434,828,453,721,451
522,231,604,229,605,248,522,251
517,210,583,206,584,224,518,228
727,501,795,502,794,520,727,520
652,236,739,234,740,275,654,278
632,223,710,222,710,244,632,244
560,251,652,248,652,268,561,271
552,276,596,273,597,292,553,295
553,176,588,173,589,193,554,195
525,255,574,253,574,271,525,272
604,227,631,227,631,243,604,243
1141,189,1181,188,1182,206,1142,207
527,276,556,276,555,296,527,295
