360,82,455,87,453,115,359,110
867,239,940,241,940,265,867,264
173,61,271,68,269,102,171,96
352,148,464,152,464,169,351,165
100,50,162,52,161,95,99,92
99,96,186,102,184,122,98,115
124,125,188,128,187,143,123,140
53,141,95,143,94,157,52,155
135,143,184,145,183,160,135,159
47,94,94,96,94,115,47,114
260,131,306,135,305,150,259,146
49,63,94,64,94,88,48,87
200,146,263,149,263,165,200,161
86,122,125,125,124,141,85,138
201,128,258,131,257,147,201,144
53,123,83,124,82,139,53,138
93,143,117,144,116,158,92,157
