1092,242,1229,231,1232,273,1095,284
1229,239,1331,226,1334,253,1232,266
1179,298,1243,296,1243,315,1179,317
1077,300,1174,301,1174,320,1077,320
1037,253,1089,249,1092,282,1039,286
1142,428,1205,431,1204,448,1141,446
1267,369,1331,372,1331,386,1266,383
1088,424,1146,427,1145,445,1088,442
1136,331,1189,331,1189,350,1136,350
1119,363,1173,366,1172,381,1118,379
1202,364,1256,367,1255,384,1201,382
1191,332,1231,334,1230,354,1190,351
1204,431,1244,433,1243,450,1203,447
1246,434,1277,436,1276,450,1245,449
1105,330,1135,331,1134,349,1105,348
1170,365,1205,367,1205,382,1170,381
