259,243,442,167,477,259,294,335
327,607,427,529,444,553,344,630
186,199,203,213,145,288,128,274
512,688,543,695,523,788,492,781
85,119,100,133,40,205,24,191
420,523,491,469,508,493,437,547
717,632,742,629,746,675,721,678
573,81,629,74,631,95,575,103
615,324,665,319,666,339,617,344
763,182,812,176,814,191,765,197
792,407,848,405,849,420,793,422
796,294,851,290,852,303,797,307
803,514,870,510,871,525,804,530
626,405,677,399,680,419,629,426
800,474,840,472,841,485,800,487
355,405,405,384,412,400,361,421
598,225,650,220,652,240,600,246
775,282,814,277,816,294,777,299
784,365,824,362,825,377,785,379
485,27,500,39,445,115,430,103
413,353,452,335,458,349,418,366
403,380,434,367,439,381,408,393
161,29,177,44,121,112,104,98
333,366,372,348,379,364,340,382
846,277,878,274,879,288,847,292
366,377,408,355,415,370,372,391
810,281,846,278,847,292,811,294
808,176,847,172,848,187,810,190
737,35,772,30,773,43,739,47
314,402,347,390,352,406,320,418
378,345,411,331,417,347,385,361
404,335,435,320,442,335,410,350
310,14,326,26,290,79,274,67
341,389,366,377,373,392,347,404
