245,123,388,135,385,174,242,162
15,21,181,31,178,78,12,68
292,373,404,365,406,390,294,397
159,526,247,510,250,527,161,543
122,223,192,224,192,242,122,241
103,108,198,113,196,154,101,149
114,422,215,410,217,429,116,440
107,151,226,156,224,199,105,193
329,413,409,404,411,421,331,430
230,161,349,167,347,204,229,198
123,498,185,490,187,507,125,515
125,584,182,573,185,591,128,602
119,384,175,380,176,397,121,401
112,296,175,293,176,311,113,314
124,539,162,534,164,553,126,557
315,448,376,440,378,457,317,466
111,346,161,342,163,360,112,363
118,461,166,454,168,472,120,478
194,376,263,371,264,388,195,393
184,489,222,483,224,500,185,505
190,341,256,338,257,355,190,358
347,173,386,173,386,204,347,204
153,261,214,260,214,278,154,279
206,304,249,302,250,319,207,321
156,304,207,303,207,321,156,322
181,452,221,446,223,463,183,468
375,440,413,435,415,450,377,456
107,261,152,259,153,277,108,279
287,454,318,451,319,467,289,469
208,121,234,123,232,154,205,152
