277,126,420,141,416,179,274,164
54,39,221,15,227,67,60,91
140,154,256,161,253,202,138,195
139,109,233,115,231,159,137,153
130,434,232,424,234,444,132,454
164,545,253,528,256,545,167,562
307,385,419,379,420,402,308,407
133,231,228,229,228,248,133,249
130,516,192,507,195,524,133,533
210,350,275,348,275,366,211,368
349,424,416,418,418,437,351,443
129,603,183,594,187,613,132,623
264,165,380,173,377,211,261,202
136,396,192,392,193,410,137,413
130,357,180,354,181,372,131,375
322,464,385,456,387,473,325,481
128,560,173,554,175,573,131,579
129,477,176,470,178,487,131,494
136,304,205,302,205,320,137,323
193,506,229,500,231,517,195,522
212,388,279,383,280,402,213,406
178,268,240,268,240,285,178,285
389,454,420,450,422,465,391,469
191,467,232,462,234,479,193,483
227,313,270,311,271,329,228,331
133,269,177,268,177,285,133,286
169,313,225,312,225,331,170,332
373,178,414,179,413,210,372,209
299,470,328,466,329,483,300,486
237,126,270,130,267,161,234,157
184,354,213,353,213,369,184,370
130,317,186,313,188,330,131,335
