67,78,292,94,288,147,64,130
40,417,284,392,288,434,44,459
296,389,465,375,468,415,299,428
217,454,298,444,301,469,220,479
152,133,292,145,290,171,150,159
424,528,472,517,475,533,427,544
340,545,396,535,399,550,342,561
95,469,161,459,165,490,99,500
85,132,158,135,157,163,84,160
348,434,411,426,414,450,351,459
159,461,212,453,215,480,163,488
33,480,89,473,92,500,36,507
191,503,234,497,236,515,193,520
237,495,321,484,323,503,239,514
420,461,466,457,467,475,422,479
422,443,465,440,466,460,423,463
300,443,343,437,346,460,303,466
407,428,466,422,468,442,409,448
365,475,411,466,414,482,367,491
340,479,364,475,367,491,342,495
