1140,488,1369,558,1357,599,1129,529
841,592,979,676,952,723,814,639
1015,453,1150,494,1140,531,1004,490
1176,222,1354,210,1357,257,1179,270
788,40,898,-6,911,27,802,74
996,117,1066,104,1072,136,1002,149
1067,61,1138,40,1146,69,1075,91
1047,193,1140,182,1144,217,1050,227
812,301,1007,333,991,442,796,410
1067,99,1170,74,1177,107,1075,133
998,241,1077,237,1078,267,1000,270
1082,233,1176,227,1178,261,1084,268
995,208,1043,203,1046,227,997,232
1090,366,1189,382,1184,416,1085,400
1239,334,1359,346,1355,383,1236,371
1058,317,1156,329,1152,368,1054,356
1156,325,1239,329,1237,370,1154,366
1142,187,1190,181,1193,210,1145,216
1020,358,1095,370,1091,401,1015,389
1004,324,1055,327,1054,354,1003,351
991,84,1036,70,1044,99,999,113
1035,69,1069,60,1076,91,1043,100
