1025,469,1155,506,1146,542,1016,506
830,313,1022,351,1003,456,811,419
850,598,980,680,955,723,824,642
823,60,930,25,941,61,834,97
1136,501,1370,571,1359,612,1124,542
1194,250,1366,241,1369,288,1196,297
1092,130,1196,106,1203,139,1099,162
1023,145,1092,133,1097,165,1028,177
1094,92,1165,73,1172,102,1102,122
1069,219,1160,210,1163,244,1072,252
1041,374,1202,402,1196,436,1036,408
1018,231,1065,227,1067,252,1020,256
1075,338,1170,353,1165,387,1070,372
1101,258,1193,253,1195,287,1103,292
1020,264,1098,262,1098,290,1020,292
1170,354,1245,356,1245,389,1169,387
1020,344,1070,348,1068,373,1018,369
1160,214,1209,210,1212,239,1163,244
1018,113,1062,102,1069,130,1025,141
1063,100,1098,92,1104,121,1069,129
859,512,911,531,902,557,850,537
901,526,974,556,964,582,891,552
