55,95,278,107,276,158,53,147
290,396,461,378,465,417,293,434
29,429,281,398,286,439,34,470
132,151,276,156,275,181,131,176
426,528,474,517,477,532,430,543
342,547,398,535,401,549,345,561
215,460,301,449,304,473,218,485
94,479,159,470,163,497,97,507
70,150,145,151,144,176,70,174
34,489,90,481,94,509,37,517
160,469,211,461,215,486,164,495
347,439,411,429,414,452,350,462
420,463,466,458,467,475,421,479
278,495,341,484,343,501,281,512
192,508,236,501,238,519,194,525
298,448,342,441,345,464,301,471
410,431,465,425,467,442,411,448
365,479,409,469,412,483,368,493
422,445,466,442,467,460,423,463
