1159,42,1293,11,1303,56,1169,87
753,386,869,378,870,394,755,402
1146,158,1220,145,1225,175,1151,188
764,365,859,358,860,374,765,381
737,74,792,73,793,96,737,97
794,72,858,77,856,101,792,96
742,291,802,285,804,306,744,312
809,282,867,279,868,303,811,307
728,204,800,201,801,228,729,230
771,129,825,128,825,146,771,147
1300,31,1353,18,1357,38,1304,51
798,200,863,201,863,228,798,227
1164,128,1231,119,1235,147,1167,156
965,117,1026,101,1033,132,973,148
782,109,830,110,829,127,781,125
698,113,735,109,737,129,700,133
737,109,779,108,779,127,737,128
831,113,863,115,862,131,830,129
