580,70,885,128,872,199,568,141
350,1,531,51,504,157,322,107
1095,249,1194,241,1195,257,1096,265
99,107,186,99,188,126,101,134
1089,234,1176,228,1177,243,1090,249
1076,406,1148,408,1148,424,1076,422
104,81,194,73,196,98,106,106
30,89,97,84,98,110,32,115
1078,437,1135,440,1135,456,1077,453
1073,282,1131,280,1132,295,1074,298
1070,359,1131,357,1131,374,1071,376
1076,266,1123,265,1123,280,1076,281
1134,358,1186,358,1186,373,1134,374
1088,219,1139,216,1140,230,1089,233
38,114,94,110,96,136,39,140
1183,178,1219,173,1221,189,1186,195
1070,253,1111,251,1112,266,1071,267
1221,172,1252,168,1254,184,1223,188
1133,135,1168,130,1169,145,1135,149
1066,238,1099,237,1100,250,1066,252
1179,162,1208,158,1210,173,1181,177
1063,222,1094,220,1095,235,1064,237
