750,477,838,479,837,500,750,498
746,432,850,433,850,454,746,452
1077,209,1156,211,1156,235,1077,234
751,501,824,502,824,521,751,519
664,293,730,292,730,311,664,312
750,458,839,461,838,482,749,480
1104,236,1190,237,1189,256,1103,255
887,708,938,703,941,734,889,739
557,224,637,226,636,245,557,243
554,203,619,203,619,222,554,223
596,248,690,247,690,268,596,269
583,271,635,269,635,288,584,290
691,237,771,236,771,277,691,278
665,223,742,226,742,248,664,245
558,249,605,250,604,269,557,267
590,165,625,165,625,194,590,193
560,271,591,272,590,290,559,289
635,224,667,225,666,242,634,241
1148,210,1197,210,1197,232,1148,231
