14,663,111,622,127,663,30,704
934,495,1005,496,1004,522,934,521
938,440,1002,441,1002,464,938,464
933,411,1005,412,1004,438,932,437
930,383,997,384,996,409,929,408
929,328,1001,329,1001,355,929,354
930,356,997,358,997,381,930,379
1001,232,1052,229,1053,248,1002,251
945,525,1008,525,1008,551,945,551
933,468,997,468,997,493,933,492
983,255,1023,253,1024,270,984,273
963,237,1006,233,1007,252,964,255
939,550,1010,551,1010,577,938,576
1163,289,1250,290,1250,306,1163,306
1169,267,1245,266,1245,284,1169,284
876,266,928,262,929,279,878,283
1252,267,1329,266,1329,285,1252,286
1020,252,1053,248,1055,267,1022,271
1265,288,1348,290,1348,310,1265,308
