1156,58,1284,29,1293,73,1165,102
753,393,868,384,869,401,754,410
1143,171,1215,160,1219,189,1147,200
764,372,860,365,861,381,765,388
742,297,809,292,811,314,743,320
800,210,863,210,863,236,800,236
774,138,824,139,824,157,774,156
964,129,1022,114,1030,145,971,160
731,213,801,211,802,236,732,238
739,84,797,82,797,106,740,107
796,83,856,88,855,111,795,107
811,292,867,288,868,311,812,315
1162,141,1225,134,1227,159,1164,165
1290,46,1340,37,1343,57,1293,66
781,118,829,121,828,136,780,134
702,122,735,119,737,138,703,141
738,118,781,117,781,136,738,136
833,122,865,125,863,141,831,138
