49,676,143,632,161,673,68,717
938,389,1006,388,1006,414,939,414
938,474,1010,473,1010,499,938,500
937,303,1010,304,1010,330,937,329
1261,252,1343,250,1343,270,1261,272
1162,256,1248,254,1249,272,1163,273
938,332,1003,331,1004,355,938,356
1008,204,1057,199,1059,217,1010,222
940,417,1009,417,1009,442,939,442
1169,232,1243,230,1243,248,1169,250
939,446,1009,445,1009,471,939,472
970,209,1010,203,1013,223,972,228
1253,229,1327,228,1327,247,1253,248
883,242,937,236,939,253,885,259
940,360,1004,361,1004,386,940,386
90,303,156,300,157,325,91,328
1023,223,1059,219,1061,237,1025,241
1021,414,1070,412,1070,427,1021,429
988,227,1030,223,1032,242,990,246
1195,415,1222,414,1223,427,1196,429
