842,580,972,661,945,709,815,629
1015,445,1141,483,1132,519,1005,481
1117,475,1356,535,1346,578,1107,518
1167,224,1334,210,1337,255,1171,269
807,47,909,10,920,45,819,82
819,304,1008,333,993,436,804,407
1046,197,1133,186,1137,218,1050,229
999,126,1067,112,1072,143,1005,156
1066,110,1164,84,1172,115,1074,141
1067,72,1135,52,1142,81,1075,100
1001,243,1075,239,1077,266,1002,270
1078,234,1168,227,1171,261,1080,267
1017,351,1180,372,1176,407,1013,387
1227,327,1339,339,1335,373,1224,362
999,211,1043,206,1046,229,1002,235
1056,314,1148,324,1145,359,1052,349
1148,321,1224,322,1224,362,1148,361
1004,320,1053,322,1052,349,1003,346
1138,190,1180,185,1183,212,1141,218
996,95,1038,83,1045,108,1003,121
1037,79,1074,70,1080,100,1044,108
