1038,218,1187,205,1191,248,1042,261
1187,213,1304,196,1307,223,1191,240
1136,275,1205,271,1206,292,1137,296
1040,279,1133,276,1134,298,1040,301
1016,408,1098,414,1097,433,1014,427
1238,350,1308,352,1307,369,1238,367
981,231,1038,225,1042,260,985,266
1026,346,1107,345,1107,362,1026,363
1099,415,1168,418,1167,437,1098,433
1146,311,1194,312,1193,334,1146,333
1161,346,1227,348,1227,367,1161,365
1091,310,1145,310,1145,333,1091,333
1214,420,1248,423,1247,439,1213,437
1167,417,1212,420,1211,438,1166,436
1131,347,1168,349,1167,365,1130,363
1013,287,1050,286,1050,301,1013,302
1057,312,1085,312,1085,330,1058,331
