573,78,890,136,879,202,561,144
1105,249,1203,242,1204,258,1106,265
102,110,188,103,190,129,104,136
1090,398,1167,399,1167,416,1090,415
1103,235,1184,230,1185,244,1104,249
31,92,103,90,104,116,32,119
105,88,194,82,196,105,106,111
1096,429,1150,431,1150,446,1096,444
1087,281,1146,278,1146,292,1087,295
1088,265,1139,264,1139,279,1088,280
1085,353,1148,353,1148,369,1085,370
1149,353,1203,352,1203,368,1149,369
1144,142,1182,138,1184,153,1146,158
1101,221,1155,218,1156,232,1101,234
1195,182,1235,178,1236,194,1197,199
1083,253,1128,251,1129,265,1083,267
1233,178,1267,175,1268,190,1234,193
1076,223,1109,222,1110,236,1077,237
1079,238,1111,237,1112,250,1080,251
