658,189,775,184,776,219,659,224
645,149,781,141,784,182,647,190
655,302,733,299,734,325,656,328
969,144,1068,79,1092,117,993,183
707,266,771,266,771,291,707,291
661,244,703,240,705,260,662,263
399,291,456,291,457,304,399,304
288,136,347,174,329,204,270,166
666,445,728,446,728,461,666,459
739,298,778,302,776,328,737,324
652,274,700,269,702,291,654,296
725,446,781,443,782,457,726,460
710,122,743,124,742,139,709,137
680,125,708,123,709,138,681,140
648,131,686,125,689,141,651,148
733,125,765,128,764,143,732,140
