262,125,407,139,403,178,259,164
35,18,211,34,208,81,31,66
121,424,220,415,221,435,122,444
122,153,239,158,237,200,120,194
161,530,250,515,252,532,164,547
119,228,213,226,213,245,119,247
122,109,218,114,217,157,120,152
199,344,264,341,264,359,199,361
125,502,186,494,188,512,127,520
332,417,411,409,412,428,334,436
250,166,364,171,363,205,248,200
123,588,179,577,183,595,126,606
125,542,164,538,166,558,127,562
119,388,202,382,203,399,121,405
303,377,384,373,385,394,304,398
158,302,217,303,217,324,157,324
164,264,226,264,226,281,164,281
122,464,168,460,170,476,124,481
198,380,273,376,274,394,198,398
186,493,224,489,226,504,188,509
318,454,379,446,381,462,320,471
120,351,169,349,170,364,121,367
121,300,181,298,181,320,121,322
181,456,224,452,226,468,183,472
119,265,163,264,164,281,119,282
217,307,259,306,259,324,217,325
379,445,414,440,416,455,381,460
365,176,401,176,401,207,365,207
292,460,320,458,321,471,293,474
223,122,251,124,249,156,221,154
169,347,199,346,200,363,169,364
