269,115,408,124,405,164,267,155
34,2,202,17,197,70,29,54
135,431,235,420,238,440,137,451
176,543,263,525,266,543,179,560
123,98,219,104,217,147,121,141
128,146,244,149,242,191,127,188
123,221,220,222,220,242,123,241
344,420,425,411,427,430,346,439
133,393,213,386,215,404,134,412
144,309,203,306,204,326,145,329
655,247,728,240,729,258,656,265
307,380,403,374,404,396,308,401
207,345,275,341,276,360,208,364
332,459,397,449,400,466,334,476
141,514,204,504,207,522,143,532
145,603,198,593,201,611,149,621
143,558,181,552,183,570,146,576
130,354,177,351,178,368,131,371
250,156,369,160,368,196,249,193
136,475,182,468,184,485,139,492
212,384,284,378,285,397,213,402
173,262,235,261,235,279,174,280
392,449,429,442,431,458,395,464
126,263,170,262,171,280,127,281
202,504,238,498,241,514,204,520
228,308,269,306,269,323,228,324
368,166,408,166,408,198,368,198
198,464,240,459,242,475,200,480
185,349,211,349,212,365,185,366
305,466,337,461,339,477,307,482
