44,655,138,614,155,657,62,698
919,482,990,481,990,508,919,509
917,320,991,321,991,348,917,348
1248,276,1334,275,1334,295,1248,296
919,402,988,403,987,426,919,426
925,511,991,511,991,535,925,535
1145,279,1230,278,1230,295,1145,297
921,456,985,456,985,480,921,479
923,535,993,536,993,559,922,558
1154,257,1227,256,1227,274,1155,275
988,249,1030,245,1032,263,989,267
990,229,1039,225,1040,242,991,247
922,430,988,431,988,454,922,454
919,562,982,563,982,585,918,584
950,233,990,229,992,248,952,252
917,349,985,348,985,373,917,373
922,377,987,376,987,399,922,400
1240,255,1315,253,1315,272,1240,273
87,315,145,313,146,336,87,337
862,264,914,258,916,274,863,280
