238,253,410,182,443,269,270,339
298,609,396,534,413,557,315,632
166,208,185,223,127,298,108,282
72,128,87,141,31,208,16,195
477,683,507,690,483,792,452,784
540,82,621,69,626,100,545,113
679,631,702,629,707,690,684,692
769,522,828,519,829,535,770,538
395,521,458,476,474,500,410,545
757,416,815,413,816,428,758,430
760,302,821,297,822,311,761,316
731,189,785,182,786,197,733,204
593,412,645,407,647,428,595,433
305,373,349,354,356,371,311,390
765,483,806,480,807,493,766,495
567,234,619,227,621,247,569,254
829,519,869,516,870,531,830,534
328,412,376,389,383,404,335,427
750,373,791,371,792,385,751,387
777,289,816,286,817,300,778,303
583,332,634,327,636,347,585,352
712,39,751,35,752,49,714,53
149,34,165,48,111,114,95,100
459,34,473,45,422,113,408,102
314,397,342,383,348,397,320,411
350,353,381,340,387,355,356,369
749,291,787,287,788,302,750,306
336,385,376,365,382,379,343,399
438,70,454,80,414,145,398,134
293,18,310,31,268,87,252,74
288,409,318,395,324,411,294,425
383,361,421,343,427,356,389,373
379,341,407,328,413,343,385,356
115,77,130,91,68,163,53,150
374,388,404,375,410,389,380,402
