41,81,266,102,261,156,36,135
34,421,275,400,278,441,37,462
286,399,454,386,457,427,289,439
120,139,266,155,264,182,117,166
213,459,293,451,295,476,215,484
342,443,402,435,405,459,345,467
419,536,467,527,470,542,422,551
339,551,394,541,396,556,342,566
60,135,143,142,141,171,58,164
253,498,328,489,330,506,255,515
95,472,158,465,161,493,98,500
413,453,454,449,456,468,415,472
293,451,338,445,341,468,296,474
37,480,88,475,90,502,39,507
408,440,455,434,457,451,410,457
358,483,404,475,407,491,361,499
157,464,207,459,210,486,160,491
413,470,457,466,459,485,415,489
