46,661,142,619,160,662,63,704
938,402,1006,403,1006,426,938,425
933,322,1005,323,1004,348,933,347
941,563,1008,562,1008,584,941,585
945,511,1015,510,1015,535,945,535
941,429,1007,430,1007,455,941,454
944,536,1016,535,1016,559,944,560
1001,230,1052,226,1053,244,1003,248
998,251,1038,247,1040,265,1000,269
1258,279,1343,277,1343,297,1258,299
939,376,1000,376,1000,399,939,400
934,349,999,350,999,374,934,373
1158,281,1239,280,1239,297,1158,298
1251,257,1324,256,1324,274,1251,276
877,265,928,260,929,276,879,281
1166,260,1239,259,1239,276,1167,277
963,234,1007,230,1008,250,964,254
