1028,220,1176,204,1180,248,1032,264
1177,213,1291,194,1295,221,1181,240
1031,281,1123,277,1124,299,1031,302
1128,274,1196,270,1197,291,1130,295
972,233,1028,226,1033,261,976,268
1085,310,1140,308,1140,330,1085,332
1140,310,1185,311,1185,332,1140,331
1008,406,1097,410,1096,430,1008,426
1230,348,1300,348,1300,365,1230,364
1067,345,1128,347,1127,363,1066,361
1148,344,1219,345,1218,364,1148,363
1010,346,1078,346,1078,361,1010,362
1094,412,1163,415,1163,432,1093,430
1162,413,1207,416,1206,434,1161,431
1011,288,1061,286,1061,302,1012,303
1206,416,1243,418,1242,435,1205,432
