351,83,447,89,446,116,349,111
154,65,261,68,260,103,153,99
866,239,938,241,938,265,865,264
339,150,459,154,459,171,339,168
84,51,146,54,144,98,82,95
80,100,171,106,169,126,79,120
186,149,248,153,247,169,185,166
104,128,172,132,171,150,103,146
27,99,78,100,78,120,26,119
249,134,294,136,293,153,248,151
184,131,247,135,246,152,183,148
132,150,188,152,188,167,132,165
35,147,78,148,78,162,34,161
68,127,106,128,105,146,68,145
105,148,145,150,145,166,104,165
74,147,102,148,102,163,74,162
168,105,203,106,202,125,168,125
