1040,244,1182,235,1185,277,1042,286
1180,243,1288,229,1291,256,1184,270
1033,305,1129,306,1128,325,1032,324
1130,300,1198,298,1199,321,1131,323
1030,429,1086,432,1085,450,1029,447
1138,370,1213,375,1211,392,1137,386
985,255,1039,252,1040,286,987,290
1230,377,1294,380,1294,394,1229,391
1037,368,1130,370,1130,386,1037,384
1087,335,1140,337,1140,357,1086,354
1100,435,1162,439,1161,456,1099,452
1143,337,1188,340,1187,360,1142,357
1206,442,1238,445,1237,460,1204,457
1165,438,1204,442,1202,459,1163,454
1057,335,1087,337,1087,353,1056,352
1017,311,1060,312,1059,326,1017,325
