730,479,813,482,812,502,730,499
1097,241,1189,240,1189,259,1097,260
642,296,711,295,711,315,642,316
729,503,802,506,802,525,728,522
730,462,811,464,811,484,729,481
529,208,595,207,595,225,529,226
1067,213,1154,215,1153,239,1066,237
533,228,613,230,613,249,533,247
573,252,664,251,664,270,573,271
569,174,603,174,603,195,569,195
534,252,580,253,580,270,533,270
562,273,615,272,616,292,562,293
647,227,717,229,716,249,646,247
536,274,565,275,564,294,535,292
1147,212,1192,214,1191,236,1146,234
666,240,748,241,748,280,666,280
616,228,643,230,642,247,615,245
