198,276,460,296,456,355,194,335
1101,342,1188,331,1192,366,1105,378
1106,401,1207,399,1208,438,1107,440
1121,459,1225,461,1225,497,1121,495
1075,257,1164,233,1172,264,1083,288
989,290,1055,269,1063,294,997,315
370,386,458,380,460,408,372,414
1107,371,1194,367,1195,404,1108,408
1016,410,1089,409,1090,441,1016,443
54,369,142,365,142,387,55,391
924,268,973,263,974,279,926,284
790,237,831,234,833,256,791,259
781,305,820,301,821,316,783,320
845,316,884,314,885,330,846,333
775,329,806,327,808,343,776,345
