800,58,918,15,930,50,812,93
1013,474,1142,515,1132,551,1003,510
848,607,978,695,950,739,821,650
1171,248,1340,238,1342,287,1174,297
1066,127,1165,103,1172,135,1073,159
999,142,1067,130,1073,163,1005,175
1068,87,1137,67,1144,97,1075,116
816,326,1005,354,990,460,802,431
1046,219,1136,209,1139,243,1049,253
1111,512,1359,569,1349,615,1101,558
1057,341,1149,353,1145,388,1053,377
998,232,1045,227,1047,253,1000,257
1000,267,1077,263,1078,291,1001,294
1083,389,1181,404,1176,438,1079,423
1079,259,1168,253,1170,287,1082,293
1151,353,1225,352,1225,390,1151,391
1229,357,1343,370,1339,407,1225,394
1025,383,1094,394,1090,424,1021,413
1137,212,1184,207,1187,236,1140,242
1004,347,1053,350,1052,376,1003,373
994,110,1038,97,1046,126,1002,139
1037,96,1071,87,1078,116,1044,125
897,537,965,567,952,596,885,566
856,521,904,542,892,571,845,550
