723,485,812,488,811,510,723,507
1083,245,1174,244,1174,264,1084,265
630,302,700,300,700,320,631,322
724,470,803,472,803,492,723,490
1051,218,1136,220,1135,244,1050,242
565,257,651,256,652,275,565,277
729,512,794,514,793,533,729,531
523,233,603,234,602,253,523,252
519,212,583,211,583,230,519,231
719,446,822,445,822,463,719,464
556,280,603,280,603,298,556,298
630,232,694,234,694,252,630,250
524,258,568,259,568,276,523,276
550,178,588,177,589,199,550,199
1128,216,1175,218,1174,240,1127,237
527,279,556,280,556,300,526,299
604,234,632,234,632,249,604,249
