554,73,866,124,855,192,544,141
1094,239,1190,231,1191,246,1095,254
100,117,185,108,188,134,102,142
1087,224,1168,217,1169,233,1088,239
38,100,101,97,102,120,39,123
1072,272,1131,268,1132,283,1073,287
1079,425,1136,426,1136,441,1079,440
1074,392,1152,393,1152,410,1074,408
1135,346,1190,345,1191,360,1136,361
1070,348,1132,346,1132,362,1071,364
1074,257,1122,254,1123,269,1075,272
1082,211,1141,206,1142,220,1084,225
1221,163,1254,159,1256,175,1223,179
1183,170,1220,164,1222,180,1186,186
1128,128,1169,122,1171,138,1130,144
1064,243,1098,241,1099,254,1065,257
1060,213,1097,211,1098,225,1061,228
