25,10,189,70,176,108,12,48
804,131,889,86,906,120,820,165
299,239,369,237,369,254,299,255
250,309,315,305,316,322,251,326
301,281,380,278,381,295,301,298
876,86,928,62,946,103,894,127
302,264,371,261,372,278,303,281
285,222,336,220,336,237,285,239
117,319,165,313,167,329,119,335
258,326,315,323,315,341,258,344
122,332,161,328,162,345,124,349
242,355,298,352,299,368,243,372
252,285,298,281,299,298,253,301
260,266,303,264,304,280,261,282
331,219,378,220,378,237,331,236
297,351,344,348,345,365,298,368
243,225,286,221,287,237,244,240
320,306,353,304,354,319,321,322
317,324,354,322,355,338,318,340
253,242,289,239,290,255,254,257
117,353,151,349,154,376,119,380
177,346,207,341,210,365,180,369
151,348,185,343,189,367,155,373
