578,64,887,117,876,188,566,135
357,-1,545,51,518,155,330,102
116,105,201,96,203,124,118,133
1098,237,1188,230,1189,246,1099,253
117,81,210,72,212,96,119,106
49,88,119,83,120,109,51,114
1077,396,1152,398,1152,414,1077,412
1093,222,1168,217,1169,232,1094,237
1085,429,1138,431,1138,446,1084,444
1078,272,1137,268,1138,283,1079,287
1080,256,1125,254,1126,269,1081,272
1075,349,1136,347,1136,364,1076,366
1090,209,1143,204,1144,218,1091,222
1138,348,1191,347,1191,363,1138,364
1185,167,1222,162,1224,178,1187,183
1136,124,1174,118,1177,134,1138,140
1224,161,1255,157,1257,173,1226,176
1073,242,1107,240,1108,254,1074,256
1137,140,1173,134,1175,149,1139,155
1070,228,1099,226,1100,240,1071,242
