999,185,1063,181,1064,207,1000,211
169,280,230,279,231,296,169,298
182,484,238,489,237,509,181,504
234,155,347,145,350,170,236,180
184,380,225,384,224,403,183,398
466,137,527,131,529,145,468,152
1078,157,1125,153,1126,167,1079,170
1079,143,1126,140,1127,154,1080,157
1079,172,1121,167,1122,181,1081,185
1266,109,1318,106,1319,120,1267,122
348,152,412,143,414,158,350,167
1084,130,1124,128,1125,143,1084,145
439,141,468,138,469,151,441,154
201,167,256,158,259,180,204,189
400,145,440,140,442,156,402,161
