330,76,430,82,428,109,328,103
135,55,243,59,242,95,134,91
852,237,925,239,924,264,852,262
327,144,441,148,440,165,326,160
61,41,128,44,126,89,59,86
103,141,157,143,156,159,102,157
61,90,154,97,153,117,59,110
84,120,155,124,154,141,83,136
170,141,233,146,232,162,169,158
5,54,54,53,55,80,6,81
231,126,278,129,277,146,230,143
9,88,58,87,58,110,9,110
165,124,229,127,229,144,164,142
47,118,86,120,85,137,46,135
147,94,185,96,185,119,147,118
16,139,58,139,58,152,16,153
15,119,46,119,46,134,15,135
57,139,85,140,84,155,56,154
