748,490,823,493,822,515,747,513
1118,248,1202,247,1202,267,1119,268
663,305,730,303,731,323,663,326
742,449,847,450,847,469,742,467
742,471,819,475,818,497,741,493
553,214,622,213,622,233,553,234
746,516,815,517,815,536,746,536
1088,220,1169,222,1169,245,1088,243
555,236,642,236,642,256,555,256
691,253,771,249,772,288,692,291
589,259,686,258,686,278,589,279
585,283,629,282,629,301,586,301
666,235,737,236,736,256,666,254
556,261,602,262,602,280,556,279
590,178,629,178,629,201,590,201
627,304,661,305,660,324,626,323
1164,221,1203,222,1203,241,1164,240
634,235,670,236,669,253,634,252
557,283,584,284,584,302,557,302
