1038,241,1191,226,1195,269,1042,284
1189,232,1303,217,1306,245,1193,260
1029,303,1132,299,1133,319,1030,322
1133,296,1205,292,1206,313,1134,317
981,252,1039,245,1044,283,985,289
1236,369,1307,373,1306,388,1235,384
1019,428,1095,431,1094,451,1018,447
1018,367,1081,366,1082,382,1019,383
1148,332,1193,334,1192,354,1147,352
1100,434,1168,437,1167,454,1099,452
1168,436,1209,439,1208,456,1167,453
1076,366,1128,366,1128,384,1076,384
1086,331,1146,332,1146,352,1086,351
1213,439,1246,441,1245,457,1212,454
1057,330,1089,331,1089,352,1056,351
1131,367,1163,368,1163,384,1130,383
1158,364,1227,367,1226,386,1157,383
