1053,222,1201,208,1205,252,1057,266
1200,215,1313,200,1316,228,1204,243
1149,280,1216,275,1218,296,1150,301
1158,350,1225,353,1225,369,1157,367
1053,282,1150,281,1150,302,1053,303
1249,354,1318,357,1318,373,1249,370
1053,413,1115,417,1114,435,1052,431
995,233,1053,227,1056,263,998,269
1114,418,1179,421,1178,439,1113,436
1090,350,1143,352,1143,367,1089,365
1163,316,1204,317,1203,336,1162,335
1028,348,1094,349,1094,364,1028,363
1224,424,1259,426,1258,442,1224,440
1105,315,1162,315,1162,334,1105,334
1179,419,1224,423,1222,441,1178,438
1027,290,1060,289,1061,305,1027,305
1023,411,1070,413,1069,432,1022,430
1073,314,1100,314,1100,333,1073,332
