261,243,442,179,476,283,295,347
317,607,420,529,436,552,333,631
200,209,217,224,160,297,142,283
106,137,122,152,64,220,48,206
694,626,717,624,725,691,702,693
488,679,523,689,495,791,460,781
416,524,478,477,492,496,430,544
567,97,618,88,621,109,570,118
602,331,650,326,652,345,603,350
779,518,844,515,844,531,779,534
780,480,819,477,819,490,780,492
746,192,799,186,800,201,748,206
485,49,498,60,447,129,434,118
772,413,826,410,827,423,773,427
398,343,429,327,436,340,405,356
611,410,662,404,664,424,613,430
193,34,211,49,158,116,140,101
765,370,804,367,805,381,766,383
585,236,637,228,640,249,588,256
791,288,829,286,830,300,792,303
360,383,401,362,408,376,367,397
350,411,402,386,409,402,356,426
158,80,172,93,114,162,99,148
784,300,838,297,839,310,785,314
399,384,429,373,434,386,404,398
331,372,373,352,380,368,338,388
411,358,445,343,449,355,416,369
375,353,406,338,412,352,381,367
756,291,798,286,800,302,758,307
825,284,857,282,858,296,826,298
312,407,343,393,349,408,319,422
338,395,367,382,373,396,344,409
321,33,339,45,305,97,287,84
