147,65,257,74,255,108,145,100
337,156,455,162,454,178,337,172
860,255,933,257,932,281,860,278
345,90,444,98,442,125,343,117
76,53,139,57,137,98,73,94
178,133,236,137,235,153,177,149
103,130,170,135,169,150,102,145
72,99,163,107,161,127,71,120
179,151,241,154,240,170,178,167
20,97,68,99,67,119,19,117
126,150,181,153,180,168,125,166
242,137,289,143,287,158,240,152
26,144,66,145,66,160,26,159
21,65,67,65,67,90,21,90
58,126,94,127,94,145,57,143
98,148,138,150,137,166,98,164
26,126,54,127,54,142,26,141
164,106,196,107,196,127,163,126
