330,105,428,110,426,138,328,133
141,86,238,90,236,124,140,120
854,263,927,265,926,289,854,288
327,173,441,177,441,193,326,190
106,169,161,171,161,188,106,186
65,122,156,126,155,146,65,142
88,150,161,153,160,170,87,167
64,74,126,74,126,116,63,116
9,88,56,87,56,113,10,113
19,167,65,168,65,183,19,182
168,152,227,154,227,172,167,170
230,155,278,159,277,175,228,172
171,171,232,173,231,190,170,187
54,148,91,150,90,167,53,165
13,121,61,121,60,140,13,139
152,125,184,125,184,146,153,147
19,148,49,149,49,164,19,164
59,168,87,169,86,184,59,183
