597,84,884,137,872,206,585,153
342,17,530,61,507,163,319,118
95,116,185,107,187,134,98,143
1099,252,1191,244,1192,259,1101,267
1074,405,1146,407,1145,422,1073,420
30,98,95,94,97,118,31,122
1089,237,1162,232,1163,246,1090,252
1071,285,1132,282,1133,296,1072,300
1075,270,1115,268,1116,282,1076,284
1078,435,1134,438,1133,453,1077,450
1070,359,1128,358,1129,374,1070,375
1085,223,1139,220,1139,234,1086,237
1132,359,1183,358,1183,373,1133,373
35,125,93,120,95,145,37,150
1128,142,1166,135,1169,151,1131,158
1178,182,1217,178,1219,195,1180,199
1215,178,1249,174,1251,190,1217,194
100,94,188,85,190,109,102,117
1058,226,1093,224,1094,238,1059,240
1078,255,1116,253,1117,266,1079,268
1062,256,1088,254,1089,268,1063,270
