1072,243,1216,232,1219,273,1075,285
1215,239,1325,225,1329,253,1218,266
1015,255,1071,251,1073,286,1017,290
1165,299,1232,297,1233,317,1165,319
1055,425,1125,428,1125,446,1054,443
1056,306,1158,305,1159,322,1056,324
1262,370,1332,375,1331,390,1261,385
1130,431,1194,433,1194,451,1129,449
1177,334,1219,337,1218,355,1176,352
1197,433,1238,436,1237,453,1196,450
1185,366,1243,369,1243,386,1184,384
1129,333,1175,334,1174,353,1129,352
1160,368,1203,370,1202,385,1159,383
1237,436,1270,438,1269,453,1236,451
