1133, 420, 1131, 394, 1194, 388, 1196, 415
1072, 425, 1070, 400, 1133, 395, 1135, 420
1163, 444, 1163, 422, 1234, 420, 1235, 442
1124, 445, 1123, 427, 1163, 425, 1163, 443
1083, 446, 1082, 428, 1123, 427, 1124, 445
1048, 450, 1047, 433, 1081, 430, 1082, 446
1095, 487, 1095, 466, 1120, 466, 1120, 487
1144, 493, 1143, 464, 1229, 462, 1230, 490
1120, 489, 1120, 474, 1144, 474, 1144, 489
1059, 519, 1059, 506, 1111, 506, 1111, 519
1110, 527, 1110, 509, 1199, 509, 1199, 527
1256, 526, 1199, 524, 1199, 507, 1257, 509
1110, 542, 1110, 526, 1161, 526, 1161, 542
1199, 544, 1162, 543, 1162, 525, 1199, 526
