1307, 227, 1305, 206, 1366, 198, 1368, 218
1315, 240, 1313, 223, 1359, 216, 1361, 234
511, 268, 511, 250, 532, 250, 532, 268
726, 329, 716, 251, 733, 249, 743, 327
534, 302, 529, 259, 569, 255, 574, 298
520, 356, 511, 269, 531, 267, 540, 354
738, 324, 731, 271, 744, 269, 751, 322
555, 306, 533, 306, 533, 292, 555, 292
558, 344, 554, 298, 574, 296, 578, 342
556, 324, 535, 324, 535, 306, 556, 306
740, 350, 736, 324, 750, 322, 754, 348
539, 353, 539, 336, 562, 336, 562, 353
566, 412, 556, 344, 578, 341, 588, 408
242, 407, 240, 342, 318, 340, 320, 404
541, 374, 540, 353, 561, 352, 562, 373
529, 417, 522, 355, 543, 352, 550, 414
546, 414, 542, 373, 563, 371, 567, 412
