1217, 332, 1217, 296, 1290, 296, 1290, 332
1166, 394, 1166, 378, 1198, 378, 1198, 394
1234, 399, 1197, 395, 1199, 377, 1236, 381
1276, 402, 1234, 401, 1235, 383, 1276, 384
1275, 403, 1275, 386, 1307, 386, 1307, 403
1194, 412, 1161, 407, 1164, 391, 1197, 396
1232, 416, 1195, 412, 1197, 395, 1234, 398
1271, 421, 1232, 416, 1234, 399, 1273, 403
1303, 423, 1274, 421, 1276, 405, 1304, 407
1192, 443, 1156, 437, 1159, 415, 1196, 422
1253, 455, 1196, 445, 1200, 420, 1257, 429
1309, 463, 1258, 456, 1262, 430, 1313, 438
