816, 253, 816, 232, 851, 231, 851, 253
1098, 284, 1088, 253, 1173, 227, 1183, 259
984, 275, 983, 256, 1015, 253, 1017, 271
944, 280, 942, 262, 983, 258, 985, 276
1014, 307, 1008, 283, 1069, 267, 1075, 290
473, 357, 170, 345, 173, 272, 476, 285
806, 314, 805, 299, 847, 294, 848, 310
1116, 371, 1111, 341, 1195, 328, 1200, 358
1123, 402, 1118, 370, 1206, 356, 1211, 389
389, 404, 388, 377, 485, 373, 486, 400
1125, 432, 1123, 396, 1213, 389, 1215, 425
1034, 434, 1031, 405, 1124, 397, 1126, 426
1227, 485, 1132, 481, 1134, 447, 1229, 452
