1218, 357, 1218, 321, 1300, 321, 1300, 357
1198, 419, 1166, 414, 1168, 398, 1200, 403
1236, 420, 1199, 418, 1199, 403, 1236, 404
1275, 427, 1235, 422, 1237, 403, 1278, 408
1278, 426, 1278, 410, 1306, 410, 1306, 426
1195, 434, 1162, 429, 1165, 413, 1198, 418
1231, 438, 1196, 435, 1197, 417, 1233, 421
1272, 442, 1233, 439, 1235, 422, 1273, 425
1304, 445, 1275, 443, 1276, 427, 1305, 429
1194, 465, 1157, 460, 1160, 438, 1197, 443
1254, 476, 1197, 467, 1200, 442, 1258, 451
1309, 485, 1260, 477, 1263, 452, 1313, 459
