219, 159, 126, 153, 129, 111, 221, 116
403, 178, 264, 163, 268, 125, 407, 140
242, 199, 127, 194, 129, 153, 244, 158
363, 206, 248, 200, 250, 159, 366, 165
369, 205, 369, 173, 404, 173, 404, 205
216, 246, 123, 243, 123, 226, 216, 228
122, 282, 122, 266, 167, 265, 167, 281
167, 280, 167, 265, 227, 265, 227, 280
122, 314, 122, 300, 194, 300, 194, 314
219, 324, 218, 307, 258, 305, 259, 322
172, 326, 172, 309, 219, 307, 219, 324
122, 329, 121, 315, 172, 311, 173, 326
199, 362, 198, 347, 263, 341, 264, 356
176, 363, 175, 348, 198, 347, 199, 361
122, 367, 121, 351, 167, 348, 169, 364
383, 393, 381, 372, 412, 369, 413, 391
352, 386, 351, 374, 382, 371, 383, 383
297, 395, 295, 379, 351, 374, 352, 390
203, 398, 201, 382, 270, 374, 271, 390
337, 401, 335, 388, 387, 381, 389, 394
122, 406, 121, 389, 201, 381, 203, 398
340, 433, 338, 419, 412, 406, 414, 421
123, 446, 121, 428, 218, 414, 220, 432
320, 470, 317, 454, 382, 442, 385, 457
185, 475, 182, 459, 224, 452, 226, 468
124, 484, 122, 468, 168, 461, 170, 477
187, 512, 184, 497, 222, 490, 224, 505
126, 524, 123, 507, 184, 496, 187, 512
160, 552, 157, 534, 245, 515, 249, 533
127, 557, 125, 542, 156, 538, 158, 553
