408, 209, 407, 187, 474, 184, 475, 206
367, 210, 366, 189, 407, 187, 408, 208
312, 212, 311, 190, 362, 187, 362, 210
637, 269, 637, 242, 717, 242, 717, 269
696, 288, 695, 259, 753, 257, 754, 287
613, 294, 611, 267, 696, 263, 698, 290
694, 315, 693, 288, 762, 284, 763, 311
610, 320, 609, 293, 694, 288, 696, 315
758, 337, 683, 335, 684, 311, 758, 314
642, 338, 642, 315, 683, 315, 683, 338
617, 338, 615, 318, 641, 316, 642, 337
680, 357, 680, 334, 734, 334, 734, 357
648, 359, 646, 338, 681, 336, 682, 357
