558, 234, 512, 227, 515, 206, 561, 212
913, 255, 860, 251, 862, 235, 914, 239
1143, 281, 1055, 273, 1057, 252, 1145, 260
1166, 300, 1055, 290, 1057, 269, 1167, 279
143, 488, 104, 486, 109, 368, 149, 369
1013, 454, 925, 451, 925, 432, 1013, 435
1077, 456, 1012, 454, 1013, 437, 1077, 439
385, 596, 385, 558, 444, 558, 444, 596
575, 602, 481, 596, 484, 553, 578, 559
444, 596, 444, 561, 487, 561, 487, 596
389, 621, 389, 606, 449, 606, 449, 621
509, 622, 449, 621, 449, 605, 509, 606
523, 622, 523, 609, 545, 609, 545, 622
545, 622, 545, 609, 570, 609, 570, 622
