196, 96, 82, 38, 100, 3, 214, 62
912, 119, 894, 79, 942, 57, 961, 96
838, 156, 818, 117, 902, 75, 922, 115
356, 228, 305, 227, 305, 208, 356, 209
356, 226, 356, 208, 397, 208, 397, 226
264, 227, 264, 210, 305, 210, 305, 227
306, 245, 305, 228, 391, 227, 391, 243
275, 246, 274, 230, 305, 228, 306, 244
321, 272, 321, 253, 386, 253, 386, 272
281, 274, 280, 256, 320, 254, 321, 272
315, 291, 314, 272, 395, 269, 396, 288
272, 290, 272, 272, 314, 272, 314, 290
334, 315, 332, 299, 376, 296, 377, 312
266, 317, 266, 299, 333, 299, 333, 317
140, 323, 139, 305, 184, 303, 185, 320
330, 332, 330, 316, 369, 316, 369, 332
276, 334, 276, 316, 330, 316, 330, 334
199, 361, 197, 335, 222, 333, 224, 358
172, 364, 169, 339, 197, 337, 200, 361
141, 372, 137, 344, 169, 339, 174, 367
313, 361, 313, 344, 359, 342, 360, 360
260, 364, 259, 347, 313, 344, 314, 362
