195, 154, 101, 147, 105, 103, 198, 111
384, 175, 241, 159, 246, 119, 388, 136
219, 197, 103, 189, 106, 146, 222, 154
344, 205, 226, 196, 229, 155, 347, 163
349, 205, 349, 171, 385, 171, 385, 205
195, 243, 100, 240, 101, 223, 195, 226
102, 279, 102, 262, 147, 262, 147, 279
147, 279, 147, 262, 207, 262, 207, 279
103, 312, 103, 298, 174, 298, 174, 312
200, 324, 199, 307, 239, 305, 239, 322
153, 324, 153, 307, 200, 307, 200, 324
104, 326, 103, 311, 152, 310, 153, 325
181, 361, 180, 345, 245, 341, 246, 357
157, 361, 157, 346, 179, 346, 179, 361
104, 365, 103, 349, 152, 346, 153, 362
364, 386, 363, 374, 393, 371, 394, 383
331, 390, 331, 376, 363, 375, 363, 388
184, 397, 183, 381, 251, 375, 253, 391
278, 397, 277, 381, 331, 376, 332, 392
105, 403, 104, 385, 183, 379, 185, 397
321, 435, 319, 421, 395, 410, 397, 425
108, 442, 106, 424, 200, 414, 202, 432
321, 468, 318, 453, 364, 445, 367, 460
168, 472, 167, 457, 207, 452, 209, 467
276, 476, 274, 462, 301, 457, 303, 471
109, 480, 107, 465, 151, 459, 153, 475
171, 510, 168, 495, 205, 489, 208, 504
111, 519, 109, 502, 169, 494, 171, 511
147, 548, 143, 531, 230, 514, 233, 531
