418, 219, 417, 198, 485, 195, 486, 216
375, 220, 375, 199, 417, 198, 418, 219
322, 222, 321, 202, 371, 199, 372, 220
648, 279, 647, 251, 728, 248, 729, 276
709, 295, 708, 267, 765, 266, 765, 294
623, 302, 621, 276, 689, 271, 691, 298
690, 298, 690, 276, 708, 276, 708, 298
704, 321, 703, 294, 773, 293, 774, 320
620, 326, 618, 301, 704, 296, 706, 321
694, 342, 694, 319, 768, 319, 768, 342
652, 345, 652, 322, 694, 322, 694, 345
626, 345, 626, 324, 649, 324, 649, 345
690, 364, 690, 341, 743, 341, 743, 364
656, 365, 655, 345, 690, 343, 691, 363
