599, 302, 595, 276, 680, 263, 684, 289
191, 298, 190, 279, 258, 277, 259, 296
258, 295, 258, 279, 308, 279, 308, 295
1079, 317, 1075, 293, 1128, 284, 1132, 307
195, 313, 194, 296, 234, 294, 235, 311
235, 311, 234, 294, 275, 293, 275, 310
81, 352, 70, 314, 127, 297, 138, 335
230, 325, 230, 308, 295, 308, 295, 325
213, 344, 213, 326, 282, 323, 283, 341
614, 357, 611, 337, 660, 331, 662, 352
218, 383, 216, 352, 285, 348, 287, 379
616, 377, 614, 356, 662, 352, 664, 373
616, 398, 615, 377, 665, 372, 666, 393
221, 408, 218, 383, 285, 375, 288, 400
781, 646, 481, 613, 484, 577, 785, 611
535, 650, 474, 642, 476, 626, 537, 634
586, 658, 534, 652, 536, 636, 588, 642
622, 664, 585, 658, 588, 640, 625, 647
685, 673, 621, 665, 623, 647, 687, 655
