982, 217, 951, 182, 1054, 90, 1085, 125
690, 160, 689, 147, 722, 146, 722, 160
663, 161, 662, 148, 689, 146, 690, 160
316, 223, 257, 186, 276, 155, 336, 192
630, 214, 630, 167, 754, 167, 754, 214
640, 247, 638, 211, 754, 205, 756, 240
683, 284, 641, 283, 642, 260, 684, 261
750, 313, 686, 312, 686, 285, 751, 286
635, 317, 633, 290, 683, 286, 685, 313
759, 350, 716, 347, 717, 319, 761, 322
637, 348, 637, 320, 715, 320, 715, 348
739, 431, 701, 431, 701, 418, 739, 419
647, 477, 647, 465, 706, 465, 706, 477
