1164, 70, 1080, 67, 1081, 40, 1165, 42
1176, 69, 1176, 46, 1200, 46, 1200, 69
1062, 98, 930, 94, 931, 62, 1063, 67
1194, 101, 1087, 98, 1088, 67, 1195, 70
1229, 101, 1229, 73, 1271, 73, 1271, 101
1314, 103, 1273, 102, 1274, 76, 1315, 77
931, 121, 931, 109, 959, 109, 959, 121
385, 165, 385, 141, 430, 141, 430, 165
1327, 557, 1242, 533, 1253, 494, 1338, 517
1129, 551, 1062, 523, 1073, 498, 1139, 527
1175, 569, 1124, 549, 1134, 524, 1185, 544
1193, 615, 1083, 567, 1095, 540, 1205, 587
1229, 590, 1174, 572, 1184, 544, 1238, 563
