294, 70, 279, 58, 311, 18, 326, 29
170, 64, 156, 51, 187, 20, 200, 34
151, 81, 140, 66, 160, 51, 172, 66
122, 119, 107, 104, 141, 67, 157, 82
553, 98, 550, 79, 600, 71, 603, 90
85, 158, 71, 143, 110, 104, 124, 119
35, 216, 19, 202, 72, 144, 87, 159
726, 187, 725, 175, 775, 169, 776, 181
192, 212, 175, 199, 197, 170, 214, 182
276, 319, 259, 200, 408, 178, 426, 297
147, 277, 126, 262, 175, 195, 195, 210
569, 237, 567, 218, 617, 212, 619, 231
770, 284, 770, 272, 805, 272, 805, 284
580, 334, 578, 315, 628, 311, 630, 330
386, 336, 381, 322, 405, 312, 410, 326
358, 349, 352, 336, 382, 323, 387, 336
316, 369, 310, 355, 352, 336, 358, 349
343, 379, 338, 366, 382, 346, 388, 359
744, 368, 743, 357, 778, 356, 778, 366
329, 412, 323, 400, 376, 371, 382, 383
589, 414, 588, 396, 637, 391, 639, 410
749, 413, 749, 403, 799, 399, 799, 410
395, 537, 381, 521, 452, 462, 465, 478
307, 619, 291, 600, 381, 521, 397, 539
666, 644, 662, 621, 677, 618, 680, 642
679, 643, 677, 620, 692, 618, 694, 641
668, 666, 665, 644, 680, 642, 683, 665
683, 666, 680, 643, 695, 641, 698, 664
669, 687, 669, 666, 699, 665, 700, 686
452, 789, 432, 678, 472, 670, 492, 781
376, 770, 376, 738, 402, 738, 402, 770
373, 790, 359, 783, 370, 759, 384, 765
