992, 145, 982, 103, 1055, 84, 1065, 126
1183, 187, 1174, 136, 1308, 113, 1317, 164
1000, 192, 990, 151, 1058, 135, 1068, 176
1201, 235, 1194, 201, 1307, 179, 1314, 213
953, 212, 953, 195, 987, 195, 987, 212
1039, 222, 1036, 203, 1080, 196, 1083, 215
990, 233, 986, 214, 1028, 206, 1032, 224
1336, 432, 1220, 430, 1220, 407, 1337, 409
1121, 675, 1067, 662, 1071, 647, 1125, 660
1121, 691, 1063, 678, 1066, 661, 1124, 674
1101, 736, 1005, 711, 1011, 690, 1107, 715
1365, 777, 1259, 759, 1267, 712, 1373, 730
