1286, 191, 1283, 172, 1343, 164, 1346, 183
1293, 206, 1290, 189, 1337, 181, 1339, 199
712, 273, 704, 221, 721, 219, 728, 271
525, 278, 519, 231, 559, 226, 564, 273
507, 299, 501, 239, 521, 237, 528, 296
728, 295, 720, 242, 732, 240, 740, 293
548, 292, 545, 271, 564, 268, 567, 289
718, 302, 713, 273, 725, 271, 729, 300
528, 299, 525, 276, 547, 274, 549, 297
550, 318, 546, 290, 567, 287, 571, 315
731, 324, 726, 295, 740, 293, 745, 322
522, 373, 509, 298, 529, 294, 542, 370
530, 314, 527, 297, 548, 293, 551, 311
533, 330, 530, 313, 552, 308, 556, 325
559, 388, 549, 319, 572, 316, 581, 385
237, 386, 235, 320, 316, 317, 318, 384
537, 350, 532, 329, 552, 325, 557, 346
539, 371, 535, 349, 555, 346, 559, 368
523, 394, 521, 372, 539, 370, 541, 393
541, 391, 538, 370, 559, 367, 562, 388
