1341, 361, 1249, 358, 1251, 320, 1342, 324
1228, 419, 1195, 413, 1198, 398, 1231, 404
1268, 421, 1229, 418, 1230, 402, 1269, 405
1309, 429, 1267, 423, 1269, 405, 1311, 411
1312, 428, 1312, 414, 1340, 414, 1340, 428
1226, 435, 1190, 429, 1193, 411, 1229, 417
1263, 441, 1226, 435, 1228, 418, 1266, 424
1305, 446, 1264, 440, 1267, 423, 1308, 429
1340, 450, 1308, 447, 1310, 431, 1342, 435
1223, 466, 1185, 458, 1189, 437, 1227, 444
1287, 479, 1226, 468, 1231, 442, 1291, 454
1344, 490, 1292, 481, 1296, 455, 1348, 465
