1303, 222, 1300, 205, 1338, 197, 1341, 214
1310, 236, 1307, 217, 1352, 211, 1354, 230
732, 296, 723, 244, 740, 241, 748, 294
544, 297, 539, 252, 579, 248, 584, 293
528, 318, 521, 260, 540, 257, 548, 315
747, 317, 738, 265, 751, 263, 760, 315
568, 311, 565, 291, 584, 288, 587, 308
548, 319, 545, 296, 567, 294, 569, 316
570, 337, 566, 310, 587, 307, 591, 334
545, 411, 529, 317, 551, 313, 567, 408
751, 345, 744, 318, 758, 315, 765, 342
557, 367, 550, 332, 572, 328, 579, 363
579, 406, 568, 337, 591, 334, 602, 402
257, 401, 255, 334, 337, 332, 339, 399
562, 408, 555, 367, 575, 363, 582, 405
