1306, 362, 1232, 360, 1233, 322, 1307, 325
1210, 422, 1179, 419, 1181, 403, 1211, 406
1249, 424, 1209, 423, 1210, 405, 1249, 406
1289, 431, 1247, 427, 1249, 409, 1290, 412
1290, 431, 1290, 415, 1318, 415, 1318, 431
1206, 438, 1172, 432, 1175, 416, 1209, 422
1244, 444, 1206, 438, 1209, 421, 1246, 426
1284, 449, 1244, 443, 1246, 425, 1286, 431
1318, 451, 1287, 449, 1288, 434, 1319, 436
1203, 469, 1166, 463, 1170, 441, 1207, 447
1264, 482, 1206, 472, 1210, 447, 1269, 456
1321, 492, 1270, 484, 1274, 457, 1325, 465
