578, 135, 561, 120, 611, 67, 628, 83
62, 112, 62, 72, 120, 72, 120, 112
235, 122, 126, 119, 127, 84, 236, 86
17, 123, 14, 93, 52, 89, 56, 118
411, 132, 317, 127, 318, 100, 412, 105
58, 138, 11, 137, 12, 118, 58, 119
147, 142, 60, 140, 61, 116, 147, 118
149, 142, 149, 121, 172, 121, 172, 142
79, 162, 50, 161, 51, 146, 80, 148
155, 166, 155, 150, 220, 150, 220, 166
264, 168, 223, 167, 223, 151, 265, 152
86, 181, 86, 164, 115, 164, 115, 181
60, 179, 19, 177, 20, 164, 60, 167
165, 184, 114, 181, 115, 163, 166, 166
426, 186, 314, 181, 314, 165, 426, 170
217, 185, 164, 182, 165, 165, 218, 168
832, 273, 832, 247, 909, 247, 909, 273
