854, 90, 840, 56, 947, 13, 961, 47
1115, 117, 1104, 85, 1174, 62, 1185, 94
1084, 117, 1084, 87, 1107, 87, 1107, 117
1041, 132, 1034, 105, 1077, 94, 1084, 120
1113, 153, 1105, 116, 1204, 95, 1212, 132
1043, 168, 1038, 134, 1108, 124, 1113, 158
1180, 233, 1177, 203, 1221, 199, 1224, 229
1089, 241, 1086, 206, 1174, 200, 1176, 235
1041, 248, 1037, 224, 1085, 218, 1088, 242
1212, 280, 1210, 234, 1374, 226, 1376, 273
1120, 280, 1118, 242, 1209, 239, 1210, 277
1040, 283, 1039, 253, 1118, 249, 1119, 280
1033, 442, 845, 424, 855, 317, 1043, 336
1181, 370, 1092, 361, 1096, 328, 1185, 337
1043, 361, 1043, 334, 1092, 334, 1092, 361
1369, 387, 1265, 377, 1268, 344, 1372, 354
1124, 406, 1071, 404, 1072, 371, 1126, 373
1210, 415, 1125, 406, 1128, 376, 1213, 385
1169, 518, 1071, 495, 1077, 470, 1175, 493
928, 540, 891, 527, 898, 507, 935, 520
986, 564, 926, 544, 935, 519, 994, 540
972, 687, 864, 621, 881, 593, 989, 659
