1182, 198, 1182, 144, 1218, 144, 1218, 198
1061, 231, 1049, 185, 1167, 156, 1179, 202
1021, 241, 1017, 198, 1053, 195, 1057, 238
1212, 251, 1208, 198, 1255, 195, 1258, 248
1059, 283, 1049, 234, 1195, 207, 1204, 256
1012, 290, 1005, 250, 1049, 243, 1056, 282
1091, 331, 1084, 280, 1220, 262, 1226, 312
1040, 335, 1035, 293, 1080, 287, 1086, 328
453, 316, 398, 312, 399, 299, 454, 303
1148, 362, 1146, 334, 1203, 330, 1205, 358
1160, 393, 1159, 362, 1277, 358, 1278, 389
1128, 394, 1127, 369, 1160, 368, 1162, 392
