1304, 118, 1302, 102, 1327, 100, 1328, 115
1271, 122, 1270, 107, 1303, 104, 1305, 119
1249, 123, 1248, 108, 1270, 106, 1271, 122
1060, 148, 1059, 132, 1092, 131, 1093, 147
485, 160, 483, 143, 512, 139, 515, 157
1072, 159, 1071, 145, 1110, 143, 1111, 158
456, 163, 454, 147, 484, 143, 486, 159
1046, 163, 1045, 147, 1071, 145, 1073, 161
434, 166, 432, 151, 454, 148, 456, 162
402, 170, 400, 155, 432, 151, 434, 166
344, 179, 342, 164, 401, 155, 403, 170
1051, 177, 1049, 160, 1110, 155, 1111, 172
239, 194, 235, 169, 337, 155, 341, 180
1066, 188, 1065, 175, 1096, 173, 1096, 187
983, 217, 982, 189, 1044, 187, 1045, 215
177, 312, 177, 291, 235, 291, 235, 312
194, 414, 194, 395, 231, 395, 231, 414
248, 522, 195, 520, 196, 499, 249, 500
