265, 154, 28, 129, 34, 78, 271, 103
124, 165, 62, 158, 65, 132, 127, 139
270, 180, 129, 164, 133, 131, 274, 148
299, 435, 297, 393, 469, 383, 472, 425
42, 463, 38, 417, 289, 393, 293, 439
427, 457, 425, 437, 471, 433, 472, 453
357, 466, 354, 440, 416, 433, 419, 460
311, 473, 307, 448, 350, 442, 354, 467
229, 485, 225, 455, 305, 445, 308, 475
428, 473, 427, 453, 472, 451, 473, 470
172, 491, 169, 461, 220, 456, 223, 486
430, 488, 428, 471, 473, 466, 475, 483
104, 500, 101, 468, 166, 462, 169, 494
376, 497, 374, 482, 420, 477, 421, 492
308, 511, 305, 495, 354, 487, 356, 504
285, 513, 282, 499, 306, 495, 308, 510
361, 566, 358, 554, 408, 544, 410, 556
