1203, 267, 1199, 238, 1310, 224, 1313, 253
1059, 287, 1055, 245, 1197, 233, 1201, 274
1000, 290, 997, 254, 1051, 250, 1054, 286
1148, 325, 1146, 303, 1211, 297, 1213, 319
1053, 328, 1052, 308, 1146, 303, 1147, 324
1029, 330, 1027, 315, 1052, 312, 1054, 327
1071, 357, 1071, 341, 1099, 341, 1099, 357
1158, 359, 1101, 358, 1101, 338, 1158, 339
1160, 362, 1160, 340, 1203, 340, 1203, 362
1142, 391, 1142, 376, 1173, 376, 1173, 391
1308, 398, 1245, 394, 1246, 378, 1309, 382
1111, 456, 1054, 452, 1055, 435, 1112, 440
1174, 460, 1110, 457, 1111, 441, 1175, 444
1216, 462, 1177, 460, 1178, 444, 1217, 445
1250, 465, 1219, 463, 1220, 447, 1251, 449
