273, 167, 53, 151, 57, 100, 277, 116
275, 192, 144, 182, 146, 154, 277, 164
298, 447, 294, 404, 459, 388, 463, 431
55, 478, 50, 434, 286, 404, 292, 449
352, 475, 349, 448, 408, 440, 411, 468
308, 484, 303, 459, 345, 452, 349, 477
420, 480, 419, 459, 463, 457, 464, 477
230, 495, 226, 465, 302, 455, 306, 485
175, 504, 172, 475, 220, 469, 223, 498
421, 497, 419, 479, 463, 472, 466, 489
113, 514, 109, 484, 170, 477, 174, 507
370, 507, 367, 491, 411, 484, 414, 499
57, 522, 54, 494, 102, 489, 105, 517
283, 526, 279, 509, 348, 496, 351, 513
