69, 111, 69, 73, 130, 73, 130, 111
601, 147, 583, 127, 642, 76, 659, 96
250, 126, 137, 117, 140, 83, 253, 92
434, 138, 336, 131, 337, 104, 435, 111
62, 136, 13, 135, 13, 116, 62, 117
156, 142, 65, 137, 66, 114, 158, 119
159, 142, 159, 122, 184, 122, 184, 142
16, 159, 16, 145, 51, 145, 51, 159
54, 159, 54, 144, 82, 144, 82, 159
233, 169, 165, 166, 165, 149, 234, 153
278, 171, 235, 168, 236, 152, 280, 155
62, 176, 19, 174, 19, 163, 63, 165
90, 180, 90, 164, 121, 164, 121, 180
172, 183, 121, 180, 122, 163, 174, 167
227, 185, 173, 182, 174, 166, 228, 169
446, 191, 330, 184, 331, 169, 447, 176
932, 284, 855, 282, 856, 257, 933, 259
