1072, 71, 1003, 67, 1005, 43, 1073, 46
1133, 75, 1073, 69, 1075, 48, 1135, 54
600, 323, 599, 135, 678, 134, 679, 322
190, 322, 190, 137, 306, 137, 306, 322
391, 185, 390, 161, 449, 160, 450, 183
519, 229, 519, 176, 568, 176, 568, 229
391, 271, 383, 185, 514, 174, 522, 259
517, 257, 517, 229, 569, 228, 569, 256
396, 337, 387, 271, 570, 246, 579, 312
575, 362, 571, 332, 640, 322, 644, 352
513, 373, 508, 345, 572, 332, 577, 361
511, 398, 506, 374, 582, 358, 587, 383
357, 404, 352, 373, 422, 362, 427, 393
250, 431, 243, 397, 351, 373, 359, 407
315, 445, 307, 412, 409, 387, 417, 420
233, 518, 223, 458, 353, 435, 363, 496
