1161, 77, 1150, 32, 1289, -1, 1300, 42
725, 83, 725, 60, 781, 60, 781, 83
833, 85, 779, 82, 780, 60, 835, 63
768, 112, 768, 95, 802, 95, 802, 112
721, 113, 721, 95, 768, 95, 768, 113
963, 133, 955, 103, 1010, 89, 1018, 119
690, 117, 688, 100, 722, 97, 723, 114
844, 115, 816, 112, 818, 97, 846, 100
759, 133, 759, 115, 811, 115, 811, 133
1143, 173, 1139, 141, 1214, 131, 1218, 163
786, 213, 786, 187, 848, 187, 848, 213
717, 215, 717, 188, 786, 188, 786, 215
798, 292, 797, 266, 854, 265, 854, 291
730, 301, 727, 273, 782, 267, 785, 295
758, 369, 757, 348, 847, 344, 848, 366
735, 391, 734, 370, 861, 361, 862, 382
