800, 305, 691, 304, 692, 275, 800, 276
587, 327, 446, 323, 448, 274, 589, 279
610, 326, 586, 326, 587, 279, 612, 280
882, 303, 851, 302, 852, 289, 882, 290
909, 306, 881, 304, 883, 290, 910, 292
909, 304, 909, 292, 933, 292, 933, 304
907, 318, 877, 316, 878, 302, 907, 304
908, 317, 908, 304, 933, 304, 933, 317
693, 331, 693, 304, 804, 302, 804, 329
879, 331, 879, 316, 914, 316, 914, 331
944, 330, 914, 330, 914, 319, 944, 319
850, 344, 850, 331, 879, 331, 879, 344
931, 345, 903, 343, 904, 331, 932, 332
982, 347, 942, 344, 943, 331, 983, 334
744, 392, 664, 391, 664, 367, 744, 368
751, 417, 653, 417, 653, 388, 751, 389
677, 431, 677, 414, 725, 414, 725, 431
