1236, 357, 1236, 320, 1319, 320, 1319, 357
1216, 419, 1185, 416, 1186, 400, 1217, 403
1253, 423, 1215, 418, 1218, 401, 1255, 407
1293, 427, 1253, 423, 1255, 405, 1295, 409
1296, 427, 1296, 410, 1326, 410, 1326, 427
1214, 435, 1180, 430, 1182, 413, 1216, 418
1251, 439, 1213, 435, 1215, 418, 1253, 422
1290, 444, 1251, 440, 1253, 422, 1292, 427
1324, 448, 1294, 445, 1295, 429, 1325, 432
1211, 466, 1174, 461, 1178, 438, 1215, 444
1273, 478, 1215, 468, 1219, 443, 1277, 453
1329, 488, 1277, 479, 1282, 453, 1334, 462
