140, 84, 125, 69, 171, 20, 186, 35
285, 74, 269, 61, 303, 22, 318, 35
108, 123, 91, 108, 125, 69, 142, 83
556, 110, 554, 91, 606, 85, 608, 104
71, 162, 56, 146, 94, 108, 109, 123
23, 220, 6, 205, 57, 147, 74, 162
186, 220, 168, 207, 189, 177, 208, 190
787, 199, 787, 188, 819, 188, 819, 199
735, 206, 734, 193, 787, 188, 788, 201
275, 330, 259, 209, 412, 189, 428, 311
142, 284, 121, 269, 169, 203, 190, 218
575, 253, 573, 235, 625, 229, 627, 248
819, 302, 819, 290, 847, 290, 847, 302
781, 305, 781, 294, 816, 294, 816, 305
391, 349, 385, 335, 410, 326, 415, 340
588, 351, 587, 332, 637, 329, 638, 347
362, 362, 356, 348, 386, 336, 392, 349
320, 381, 314, 367, 357, 348, 363, 362
349, 393, 342, 380, 387, 358, 393, 371
388, 395, 382, 384, 409, 371, 414, 382
754, 387, 754, 377, 788, 376, 788, 386
336, 423, 330, 410, 382, 383, 388, 396
598, 430, 597, 412, 647, 409, 648, 427
759, 432, 758, 422, 811, 419, 811, 429
406, 546, 393, 529, 461, 474, 475, 490
319, 623, 304, 604, 393, 530, 409, 549
691, 652, 688, 630, 702, 627, 706, 649
677, 652, 674, 630, 688, 628, 691, 650
469, 785, 448, 681, 487, 673, 508, 778
399, 768, 389, 744, 416, 733, 426, 757
