461, 210, 460, 187, 514, 186, 514, 209
370, 210, 370, 192, 401, 192, 401, 210
401, 209, 401, 192, 428, 192, 428, 209
314, 211, 314, 193, 338, 193, 338, 211
338, 210, 338, 193, 369, 193, 369, 210
527, 246, 526, 226, 582, 223, 582, 243
218, 244, 218, 228, 277, 227, 278, 242
473, 249, 471, 229, 514, 226, 515, 246
278, 262, 277, 240, 342, 237, 344, 259
220, 264, 219, 243, 278, 241, 278, 262
1126, 373, 1122, 331, 1233, 320, 1237, 361
1217, 402, 1121, 398, 1122, 368, 1218, 372
836, 708, 746, 696, 751, 661, 841, 674
