429, 205, 428, 183, 494, 178, 495, 200
388, 208, 387, 186, 427, 182, 429, 204
334, 211, 333, 188, 383, 185, 384, 207
654, 260, 653, 232, 730, 229, 731, 257
712, 278, 710, 249, 765, 247, 766, 275
629, 286, 627, 259, 710, 253, 712, 280
707, 306, 705, 277, 773, 273, 775, 302
626, 313, 624, 285, 708, 279, 710, 307
696, 326, 696, 303, 770, 303, 770, 326
656, 332, 655, 307, 697, 306, 698, 331
633, 333, 631, 312, 656, 310, 658, 331
695, 351, 693, 326, 744, 323, 746, 348
663, 353, 661, 332, 694, 329, 696, 350
