1302, 430, 1031, 399, 1037, 342, 1308, 372
1145, 452, 1025, 434, 1032, 392, 1151, 410
1295, 478, 1148, 457, 1156, 406, 1302, 427
1045, 456, 1025, 453, 1027, 437, 1048, 440
1090, 466, 1044, 456, 1047, 440, 1093, 450
1117, 471, 1089, 466, 1092, 450, 1120, 455
1177, 484, 1120, 473, 1123, 455, 1181, 466
1224, 494, 1176, 484, 1181, 465, 1228, 475
1287, 508, 1244, 498, 1249, 479, 1291, 488
1055, 549, 1021, 539, 1025, 524, 1059, 534
1087, 560, 1053, 549, 1058, 533, 1092, 545
1120, 572, 1085, 560, 1091, 546, 1125, 558
