990, 141, 980, 99, 1051, 82, 1061, 124
1177, 184, 1169, 134, 1302, 111, 1311, 161
997, 189, 987, 148, 1053, 132, 1063, 172
1194, 231, 1187, 197, 1299, 177, 1305, 211
950, 208, 950, 192, 983, 192, 983, 208
1034, 219, 1031, 199, 1075, 192, 1078, 211
984, 228, 981, 210, 1022, 203, 1025, 221
1321, 429, 1204, 426, 1205, 401, 1322, 404
1103, 668, 1051, 655, 1055, 639, 1107, 652
1102, 683, 1045, 669, 1049, 653, 1106, 667
1083, 729, 991, 701, 997, 681, 1089, 708
1132, 742, 1084, 730, 1089, 711, 1137, 723
1340, 773, 1236, 750, 1245, 706, 1350, 729
