490, 191, 490, 168, 543, 168, 543, 191
341, 189, 341, 170, 365, 170, 365, 189
365, 188, 365, 171, 396, 171, 396, 188
398, 189, 398, 170, 431, 170, 431, 189
430, 189, 430, 171, 457, 171, 457, 189
241, 218, 241, 203, 302, 202, 302, 218
557, 226, 556, 207, 612, 207, 613, 226
502, 229, 501, 210, 544, 208, 545, 227
242, 238, 242, 218, 302, 217, 302, 237
303, 237, 303, 216, 370, 216, 370, 237
1141, 361, 1138, 320, 1241, 313, 1244, 353
1140, 389, 1140, 358, 1233, 358, 1233, 389
867, 688, 778, 675, 783, 640, 872, 653
