1160, 421, 1159, 397, 1217, 393, 1219, 418
1102, 426, 1101, 403, 1160, 399, 1161, 422
1189, 444, 1189, 422, 1255, 422, 1255, 444
1151, 446, 1150, 429, 1188, 427, 1189, 444
1113, 448, 1112, 431, 1151, 429, 1152, 446
1126, 485, 1126, 466, 1149, 466, 1149, 485
1171, 491, 1170, 463, 1251, 459, 1253, 488
1091, 515, 1091, 502, 1140, 502, 1140, 515
1140, 522, 1140, 504, 1222, 504, 1222, 522
1275, 521, 1223, 519, 1223, 503, 1276, 505
1140, 536, 1140, 521, 1188, 521, 1188, 536
1189, 537, 1189, 520, 1223, 520, 1223, 537
