1238, 342, 1238, 306, 1320, 306, 1320, 342
1218, 401, 1190, 395, 1193, 381, 1221, 386
1219, 401, 1219, 385, 1243, 385, 1243, 401
1293, 411, 1253, 405, 1256, 387, 1296, 394
1295, 410, 1295, 394, 1326, 394, 1326, 410
1216, 416, 1183, 412, 1185, 396, 1218, 400
1251, 421, 1216, 417, 1217, 400, 1253, 404
1290, 427, 1253, 422, 1255, 405, 1293, 410
1323, 430, 1294, 427, 1295, 412, 1325, 415
1214, 446, 1177, 442, 1180, 421, 1216, 425
1273, 459, 1216, 449, 1221, 425, 1277, 434
1328, 469, 1278, 460, 1283, 436, 1333, 445
