1247, 338, 1247, 302, 1333, 301, 1333, 337
1224, 399, 1192, 396, 1194, 381, 1226, 384
1263, 403, 1224, 398, 1226, 382, 1265, 386
1305, 406, 1263, 403, 1265, 385, 1306, 388
1308, 405, 1308, 390, 1338, 390, 1338, 405
1222, 415, 1187, 411, 1189, 392, 1224, 396
1260, 419, 1222, 416, 1224, 398, 1262, 402
1301, 424, 1260, 420, 1262, 402, 1303, 406
1334, 427, 1305, 423, 1307, 407, 1336, 411
1219, 446, 1181, 441, 1184, 419, 1222, 424
1282, 457, 1222, 447, 1226, 422, 1286, 431
1340, 464, 1288, 458, 1292, 432, 1343, 439
