1016, 147, 1005, 103, 1081, 83, 1093, 127
1208, 192, 1198, 142, 1333, 114, 1343, 165
1025, 195, 1015, 153, 1082, 137, 1091, 179
1224, 241, 1218, 206, 1331, 184, 1337, 219
977, 217, 977, 200, 1010, 200, 1010, 217
1063, 228, 1059, 207, 1104, 200, 1107, 220
1012, 238, 1009, 219, 1051, 211, 1055, 230
1351, 444, 1233, 442, 1234, 416, 1351, 418
1133, 690, 1078, 677, 1082, 660, 1136, 673
1132, 706, 1074, 692, 1078, 675, 1136, 689
1111, 750, 1019, 725, 1025, 705, 1117, 729
1365, 790, 1264, 769, 1273, 727, 1373, 747
