286, 140, 52, 118, 57, 66, 291, 88
145, 153, 85, 149, 87, 124, 147, 127
290, 166, 149, 157, 151, 126, 292, 135
311, 427, 308, 384, 478, 369, 481, 412
56, 458, 51, 413, 300, 384, 306, 430
436, 447, 433, 426, 479, 421, 481, 441
366, 457, 363, 430, 424, 422, 428, 449
320, 465, 316, 439, 359, 432, 363, 458
437, 465, 434, 446, 480, 439, 483, 458
240, 477, 235, 447, 315, 435, 320, 466
183, 485, 180, 455, 230, 449, 234, 479
438, 477, 436, 460, 481, 455, 483, 471
117, 495, 113, 464, 177, 457, 181, 488
385, 489, 382, 473, 427, 465, 430, 480
57, 502, 57, 473, 108, 473, 108, 502
317, 502, 315, 485, 344, 483, 345, 500
295, 506, 292, 492, 315, 487, 318, 502
366, 558, 363, 546, 413, 534, 416, 546
