1201, 261, 1198, 235, 1303, 221, 1307, 248
1061, 279, 1058, 240, 1194, 228, 1198, 268
1003, 282, 1001, 247, 1053, 243, 1055, 278
1150, 317, 1148, 293, 1212, 288, 1214, 312
1056, 319, 1056, 299, 1147, 297, 1148, 316
1034, 320, 1032, 306, 1056, 304, 1057, 318
1076, 347, 1076, 331, 1104, 331, 1104, 347
1105, 349, 1105, 331, 1160, 331, 1160, 349
1205, 353, 1162, 350, 1164, 329, 1206, 332
1144, 380, 1095, 376, 1096, 362, 1145, 366
1147, 380, 1147, 365, 1177, 365, 1177, 380
1310, 386, 1248, 383, 1248, 368, 1311, 371
1120, 442, 1065, 439, 1066, 423, 1121, 427
1182, 446, 1119, 444, 1119, 428, 1183, 430
1224, 449, 1185, 447, 1185, 431, 1224, 433
1226, 450, 1226, 435, 1256, 435, 1256, 450
