809, 269, 809, 229, 973, 228, 974, 268
319, 302, 237, 293, 240, 260, 322, 269
927, 290, 927, 276, 982, 276, 982, 290
927, 288, 879, 287, 879, 276, 928, 277
497, 366, 497, 329, 562, 329, 562, 366
854, 347, 854, 336, 888, 336, 888, 347
888, 347, 888, 335, 920, 335, 920, 347
997, 369, 946, 368, 946, 354, 998, 356
871, 368, 871, 356, 924, 356, 924, 368
815, 400, 814, 388, 860, 387, 860, 399
815, 410, 815, 398, 850, 398, 850, 410
897, 411, 849, 409, 850, 396, 898, 398
1105, 442, 1105, 388, 1293, 388, 1293, 442
1046, 468, 1046, 415, 1062, 415, 1062, 468
1023, 446, 1022, 430, 1046, 428, 1047, 444
1294, 476, 1110, 476, 1110, 440, 1295, 441
415, 479, 415, 465, 444, 465, 444, 479
398, 690, 207, 682, 208, 659, 399, 667
