265, 149, 49, 133, 52, 84, 269, 100
133, 163, 78, 162, 78, 136, 134, 137
269, 174, 136, 163, 139, 136, 271, 147
283, 422, 279, 381, 445, 366, 449, 407
40, 454, 34, 411, 271, 381, 277, 425
403, 441, 401, 421, 446, 416, 448, 437
336, 452, 333, 427, 393, 420, 396, 444
292, 459, 288, 435, 329, 428, 333, 453
404, 456, 403, 437, 447, 435, 448, 454
212, 472, 208, 443, 285, 432, 289, 461
158, 479, 155, 450, 203, 445, 207, 474
405, 472, 402, 455, 447, 449, 449, 466
95, 490, 90, 459, 152, 450, 157, 481
354, 482, 352, 467, 394, 461, 397, 475
288, 498, 285, 482, 312, 477, 315, 493
265, 500, 262, 485, 286, 482, 288, 496
335, 551, 332, 540, 380, 528, 382, 539
