1064, 74, 994, 67, 997, 42, 1066, 49
579, 320, 579, 132, 664, 132, 664, 320
371, 177, 370, 152, 431, 150, 431, 174
375, 261, 367, 177, 497, 165, 505, 249
502, 225, 498, 170, 549, 167, 553, 222
505, 252, 503, 224, 553, 221, 554, 248
382, 328, 374, 261, 555, 239, 564, 305
563, 355, 559, 319, 628, 311, 632, 347
501, 365, 497, 338, 560, 328, 564, 354
576, 375, 571, 352, 622, 340, 627, 363
345, 393, 341, 361, 450, 347, 454, 379
501, 390, 496, 365, 574, 350, 579, 375
242, 417, 235, 382, 341, 362, 348, 398
308, 433, 300, 400, 400, 376, 408, 409
225, 503, 216, 445, 356, 423, 365, 481
