811, 271, 811, 250, 846, 250, 846, 271
1092, 298, 1083, 269, 1168, 244, 1177, 273
978, 292, 975, 273, 1010, 268, 1012, 287
939, 296, 936, 278, 976, 273, 979, 291
1008, 323, 1001, 298, 1063, 279, 1071, 304
470, 376, 165, 364, 168, 291, 473, 303
801, 329, 799, 315, 840, 310, 842, 325
1105, 382, 1100, 352, 1184, 338, 1189, 368
1112, 409, 1108, 378, 1193, 367, 1197, 397
381, 420, 379, 393, 477, 387, 478, 414
1113, 437, 1111, 402, 1199, 397, 1202, 432
1081, 431, 1081, 412, 1110, 412, 1110, 431
1022, 440, 1020, 413, 1084, 410, 1085, 436
1210, 488, 1118, 485, 1119, 452, 1211, 455
