220, 158, 133, 154, 135, 112, 222, 117
396, 174, 263, 161, 267, 124, 400, 137
241, 197, 133, 193, 134, 154, 242, 157
357, 203, 247, 197, 249, 158, 359, 164
362, 202, 362, 170, 396, 170, 396, 202
126, 242, 126, 226, 215, 226, 215, 242
168, 277, 168, 261, 224, 261, 224, 277
125, 278, 125, 262, 168, 262, 168, 278
125, 311, 124, 296, 194, 295, 194, 310
216, 320, 215, 303, 253, 301, 254, 318
171, 321, 171, 305, 215, 304, 215, 320
124, 325, 123, 310, 171, 308, 171, 323
196, 357, 195, 341, 258, 335, 259, 351
174, 358, 173, 343, 195, 341, 196, 356
122, 362, 121, 346, 168, 342, 169, 358
341, 380, 340, 368, 372, 366, 372, 378
288, 389, 287, 373, 341, 368, 342, 385
199, 393, 197, 377, 262, 369, 264, 385
334, 394, 333, 380, 376, 375, 378, 389
122, 400, 120, 382, 197, 374, 199, 392
328, 428, 326, 413, 400, 401, 403, 415
121, 438, 119, 421, 212, 409, 214, 426
371, 450, 369, 438, 399, 434, 401, 446
310, 463, 307, 448, 369, 436, 372, 451
179, 467, 177, 452, 217, 446, 219, 461
284, 468, 282, 454, 308, 450, 310, 464
121, 476, 119, 460, 163, 454, 165, 470
180, 505, 177, 489, 214, 482, 216, 498
122, 515, 119, 499, 177, 489, 180, 505
154, 544, 150, 526, 237, 507, 240, 525
122, 549, 119, 535, 152, 529, 154, 543
