1152, 94, 1140, 48, 1277, 15, 1288, 60
724, 99, 723, 77, 778, 74, 779, 96
829, 101, 777, 98, 778, 76, 830, 80
720, 130, 719, 112, 763, 110, 764, 128
814, 129, 767, 128, 768, 112, 814, 113
956, 150, 948, 120, 1004, 106, 1011, 136
689, 132, 688, 116, 719, 113, 721, 129
841, 133, 812, 129, 814, 113, 843, 117
756, 149, 756, 131, 808, 131, 808, 149
1133, 191, 1128, 159, 1202, 148, 1207, 180
781, 231, 781, 203, 843, 203, 843, 231
714, 233, 713, 205, 781, 203, 782, 230
792, 310, 791, 284, 846, 282, 847, 308
724, 318, 721, 291, 775, 285, 778, 312
749, 386, 749, 365, 837, 361, 838, 382
728, 409, 726, 388, 850, 379, 852, 399
