1329, 73, 1324, 51, 1378, 37, 1383, 59
1196, 109, 1185, 65, 1321, 31, 1332, 76
871, 121, 818, 117, 819, 96, 872, 100
765, 120, 764, 98, 819, 95, 820, 117
998, 167, 990, 138, 1046, 123, 1053, 152
807, 147, 807, 132, 840, 132, 840, 147
760, 150, 759, 132, 804, 130, 805, 148
884, 150, 854, 149, 855, 132, 885, 134
729, 153, 727, 137, 759, 133, 761, 150
796, 168, 796, 150, 848, 150, 848, 168
1175, 204, 1170, 173, 1246, 161, 1250, 193
821, 247, 821, 221, 884, 221, 884, 247
752, 251, 751, 223, 821, 221, 822, 248
831, 325, 830, 299, 885, 296, 886, 322
762, 333, 759, 307, 812, 301, 815, 328
787, 400, 786, 381, 874, 375, 876, 395
765, 422, 763, 402, 889, 391, 891, 411
