647, 289, 647, 261, 740, 258, 741, 286
852, 287, 851, 272, 884, 268, 886, 283
824, 285, 793, 283, 794, 270, 824, 272
401, 313, 401, 263, 535, 263, 535, 313
824, 287, 824, 272, 852, 272, 852, 287
951, 286, 922, 285, 922, 272, 951, 273
533, 312, 533, 265, 556, 265, 556, 312
848, 300, 819, 297, 820, 284, 849, 287
851, 298, 851, 285, 883, 284, 883, 297
649, 315, 649, 286, 746, 283, 747, 312
858, 312, 822, 311, 823, 298, 858, 299
822, 327, 793, 325, 794, 311, 823, 312
888, 326, 888, 314, 929, 314, 929, 326
610, 377, 610, 354, 690, 354, 690, 377
600, 404, 600, 374, 697, 373, 697, 403
626, 418, 626, 400, 672, 400, 672, 418
