628, 298, 628, 270, 737, 269, 737, 298
819, 296, 788, 295, 789, 281, 820, 283
847, 296, 847, 282, 872, 282, 872, 296
531, 323, 399, 321, 399, 273, 532, 274
531, 324, 529, 276, 552, 275, 554, 323
847, 297, 818, 296, 819, 282, 848, 283
874, 309, 845, 308, 845, 295, 874, 296
846, 310, 815, 309, 815, 296, 846, 297
789, 309, 789, 298, 817, 298, 817, 309
895, 309, 895, 297, 924, 297, 924, 309
628, 325, 628, 297, 741, 296, 741, 323
789, 322, 789, 309, 818, 309, 818, 322
853, 324, 817, 322, 818, 308, 854, 311
789, 337, 789, 324, 818, 324, 818, 337
883, 337, 883, 325, 924, 325, 924, 337
685, 388, 606, 387, 607, 363, 685, 364
693, 414, 597, 414, 598, 384, 693, 385
623, 428, 623, 411, 669, 411, 669, 428
