470, 198, 470, 176, 522, 176, 522, 198
381, 200, 381, 182, 412, 182, 412, 200
412, 200, 411, 183, 437, 182, 438, 199
326, 203, 326, 184, 349, 184, 349, 203
350, 201, 350, 184, 378, 184, 378, 201
534, 234, 533, 214, 589, 211, 590, 231
482, 238, 481, 219, 523, 215, 525, 234
233, 237, 232, 222, 289, 218, 291, 234
291, 254, 290, 232, 354, 229, 355, 251
233, 257, 232, 236, 290, 233, 291, 254
1123, 351, 1119, 310, 1226, 299, 1230, 340
1121, 380, 1121, 346, 1216, 346, 1216, 380
849, 700, 760, 689, 764, 655, 853, 665
