649, 302, 649, 275, 743, 274, 743, 301
825, 300, 795, 297, 796, 285, 826, 288
557, 324, 535, 323, 537, 278, 560, 279
885, 300, 852, 299, 853, 286, 886, 287
405, 324, 405, 278, 537, 278, 537, 324
854, 302, 825, 299, 826, 286, 855, 288
923, 300, 923, 289, 954, 289, 954, 300
879, 312, 851, 311, 851, 298, 879, 299
850, 313, 820, 312, 821, 299, 850, 301
650, 325, 650, 299, 747, 299, 747, 325
858, 326, 822, 325, 823, 312, 858, 313
821, 339, 792, 337, 793, 325, 822, 327
887, 339, 887, 328, 929, 327, 929, 338
684, 387, 607, 385, 608, 362, 685, 364
692, 411, 597, 410, 597, 383, 692, 383
620, 425, 620, 408, 666, 408, 666, 425
