402, 183, 400, 162, 475, 153, 478, 174
899, 239, 894, 210, 938, 202, 943, 232
207, 306, 199, 275, 279, 254, 287, 286
465, 295, 463, 278, 506, 273, 507, 291
430, 297, 429, 281, 463, 279, 464, 295
398, 299, 397, 283, 429, 281, 430, 297
482, 305, 481, 291, 513, 288, 514, 302
456, 307, 454, 292, 481, 290, 482, 305
394, 314, 392, 298, 452, 292, 454, 308
274, 372, 266, 312, 332, 303, 340, 363
453, 352, 450, 327, 519, 320, 522, 344
903, 356, 896, 336, 938, 321, 945, 341
182, 434, 157, 345, 265, 315, 290, 404
396, 357, 393, 334, 445, 328, 447, 352
407, 396, 403, 356, 512, 344, 516, 385
283, 403, 276, 373, 340, 358, 347, 389
403, 422, 400, 395, 522, 381, 525, 408
