229, 137, 136, 130, 140, 86, 233, 94
412, 160, 273, 143, 278, 103, 417, 121
250, 179, 137, 172, 140, 129, 253, 136
371, 188, 256, 180, 259, 138, 374, 146
377, 189, 377, 154, 412, 154, 412, 189
224, 227, 131, 223, 131, 205, 224, 209
130, 263, 130, 246, 174, 246, 174, 263
234, 264, 174, 262, 175, 245, 234, 247
201, 298, 129, 296, 129, 280, 202, 283
224, 308, 224, 290, 264, 290, 264, 308
178, 310, 177, 293, 224, 290, 225, 308
129, 311, 128, 296, 178, 295, 178, 310
204, 347, 203, 331, 268, 326, 269, 343
179, 347, 179, 331, 203, 331, 203, 347
128, 350, 127, 333, 176, 331, 176, 348
354, 376, 353, 363, 415, 358, 416, 371
300, 384, 298, 368, 353, 363, 355, 379
207, 384, 205, 368, 273, 362, 274, 378
127, 391, 125, 372, 205, 366, 207, 384
333, 391, 331, 377, 390, 370, 392, 385
341, 424, 339, 409, 415, 398, 417, 413
127, 431, 125, 412, 220, 402, 222, 421
384, 449, 382, 436, 413, 431, 414, 445
322, 461, 319, 445, 382, 434, 385, 450
186, 462, 184, 446, 226, 441, 228, 457
294, 466, 292, 451, 320, 447, 322, 462
127, 470, 125, 454, 170, 448, 172, 465
187, 501, 185, 485, 223, 479, 225, 495
127, 511, 125, 494, 185, 484, 188, 502
161, 541, 157, 523, 245, 506, 249, 524
127, 546, 125, 531, 158, 526, 161, 541
