1038, 80, 968, 73, 970, 47, 1041, 53
1097, 85, 1038, 79, 1040, 56, 1100, 62
648, 317, 558, 314, 564, 122, 655, 126
353, 164, 351, 139, 410, 135, 412, 160
357, 249, 350, 162, 480, 152, 487, 239
479, 213, 479, 160, 534, 160, 534, 213
487, 240, 487, 213, 537, 213, 537, 240
366, 315, 359, 249, 539, 230, 546, 297
548, 347, 544, 307, 612, 299, 616, 340
487, 356, 483, 328, 545, 318, 549, 346
333, 380, 329, 346, 436, 335, 440, 368
561, 368, 557, 345, 606, 336, 610, 360
487, 382, 482, 356, 557, 342, 562, 368
226, 401, 220, 365, 323, 348, 329, 384
293, 419, 286, 386, 387, 365, 394, 398
215, 486, 207, 425, 332, 411, 339, 471
