197, 106, 86, 54, 102, 20, 213, 72
924, 122, 908, 84, 953, 65, 969, 102
851, 158, 834, 119, 913, 83, 931, 122
362, 228, 361, 210, 405, 208, 406, 226
310, 229, 310, 210, 361, 210, 361, 229
266, 230, 266, 213, 309, 213, 309, 230
311, 245, 311, 229, 399, 229, 399, 245
279, 247, 278, 230, 310, 228, 311, 245
326, 272, 326, 255, 393, 252, 394, 270
285, 272, 285, 255, 326, 255, 326, 272
319, 289, 319, 270, 403, 269, 403, 288
275, 289, 275, 272, 319, 272, 319, 289
339, 313, 338, 297, 385, 294, 386, 310
269, 315, 269, 297, 338, 297, 338, 315
138, 322, 137, 306, 184, 303, 185, 318
335, 329, 335, 312, 376, 312, 376, 329
280, 332, 280, 314, 335, 314, 335, 332
199, 357, 197, 334, 223, 332, 225, 355
171, 363, 168, 338, 197, 334, 200, 359
318, 358, 317, 341, 374, 338, 375, 355
139, 369, 135, 342, 168, 338, 172, 365
263, 361, 262, 344, 318, 341, 319, 358
