420, 228, 419, 206, 487, 201, 488, 224
378, 231, 376, 208, 418, 205, 420, 227
324, 234, 321, 212, 372, 207, 374, 229
651, 285, 650, 257, 729, 255, 730, 283
710, 302, 709, 275, 765, 272, 767, 300
627, 310, 625, 283, 691, 278, 694, 305
692, 305, 692, 284, 709, 284, 709, 305
706, 329, 704, 301, 773, 298, 774, 326
623, 336, 621, 308, 706, 304, 707, 331
696, 350, 696, 327, 769, 326, 769, 349
654, 355, 653, 331, 695, 329, 696, 353
630, 355, 628, 334, 653, 332, 655, 353
692, 372, 692, 349, 744, 349, 744, 372
660, 375, 658, 355, 693, 351, 695, 372
