700, 211, 697, 188, 744, 183, 747, 206
628, 221, 625, 198, 697, 188, 700, 212
591, 226, 590, 203, 621, 201, 623, 224
565, 230, 563, 209, 587, 207, 589, 228
485, 244, 481, 218, 562, 205, 566, 231
416, 251, 413, 225, 482, 217, 485, 243
290, 268, 287, 239, 388, 228, 392, 257
230, 274, 227, 250, 285, 243, 288, 267
577, 295, 573, 260, 611, 256, 615, 291
488, 312, 487, 270, 567, 267, 568, 309
396, 319, 392, 278, 478, 270, 482, 311
551, 347, 545, 303, 687, 283, 693, 326
327, 385, 320, 336, 539, 304, 546, 353
274, 531, 270, 507, 453, 478, 457, 502
