568, 232, 525, 228, 527, 206, 570, 210
920, 257, 869, 252, 871, 237, 922, 242
1143, 284, 1058, 276, 1060, 256, 1145, 264
1163, 305, 1031, 291, 1033, 270, 1165, 283
144, 499, 105, 496, 112, 376, 151, 379
924, 458, 924, 442, 944, 442, 944, 458
1009, 460, 944, 458, 944, 440, 1009, 443
1069, 462, 1009, 460, 1009, 443, 1069, 445
577, 613, 484, 608, 487, 564, 580, 569
389, 608, 389, 571, 448, 571, 448, 608
448, 610, 446, 575, 488, 573, 490, 608
452, 633, 452, 617, 511, 617, 511, 633
547, 633, 547, 619, 571, 619, 571, 633
392, 634, 392, 619, 451, 618, 451, 633
524, 633, 524, 619, 547, 619, 547, 633
