72, 81, 72, 40, 136, 40, 136, 81
61, 89, 17, 89, 18, 55, 62, 56
260, 98, 142, 87, 145, 53, 263, 64
620, 122, 604, 104, 657, 55, 674, 74
448, 114, 348, 106, 350, 78, 450, 86
64, 110, 13, 104, 16, 81, 66, 87
163, 116, 68, 108, 70, 84, 164, 91
166, 115, 166, 94, 191, 94, 191, 115
243, 144, 173, 140, 174, 123, 244, 127
291, 147, 246, 142, 247, 126, 292, 131
65, 150, 21, 148, 21, 135, 66, 137
127, 153, 94, 152, 95, 136, 127, 137
182, 158, 127, 154, 128, 136, 183, 140
238, 160, 181, 156, 182, 140, 239, 143
461, 169, 343, 161, 345, 145, 463, 154
951, 270, 874, 267, 875, 243, 952, 245
