820, 86, 806, 53, 937, -2, 951, 30
1085, 103, 1073, 72, 1146, 44, 1158, 75
1007, 121, 1000, 93, 1046, 83, 1053, 110
1081, 140, 1073, 104, 1177, 79, 1186, 115
1009, 158, 1003, 124, 1078, 112, 1084, 146
1150, 220, 1147, 190, 1193, 186, 1196, 215
1055, 231, 1052, 196, 1143, 188, 1146, 223
1004, 238, 1001, 214, 1050, 208, 1053, 232
1182, 268, 1178, 222, 1355, 208, 1359, 254
1085, 270, 1083, 231, 1180, 226, 1182, 265
1003, 276, 1000, 245, 1083, 239, 1085, 270
991, 439, 804, 425, 812, 315, 1000, 329
1148, 362, 1055, 354, 1058, 319, 1151, 328
1004, 354, 1004, 328, 1055, 328, 1055, 354
1353, 374, 1239, 370, 1240, 336, 1354, 339
1086, 399, 1031, 394, 1034, 363, 1089, 368
1178, 409, 1088, 400, 1091, 368, 1181, 376
1127, 517, 1065, 499, 1072, 475, 1134, 492
1272, 560, 1134, 523, 1142, 490, 1281, 528
939, 561, 881, 541, 889, 517, 947, 537
