51, 99, 51, 68, 93, 68, 93, 99
282, 108, 169, 99, 172, 64, 285, 74
623, 132, 606, 114, 662, 64, 678, 83
462, 123, 366, 115, 368, 87, 464, 96
95, 118, 47, 116, 48, 96, 96, 98
189, 126, 98, 119, 100, 96, 191, 103
192, 126, 192, 105, 216, 105, 216, 126
121, 145, 88, 142, 89, 127, 123, 130
122, 145, 122, 129, 148, 129, 148, 145
197, 150, 147, 146, 149, 131, 199, 136
264, 154, 198, 149, 199, 133, 265, 138
310, 157, 269, 152, 270, 137, 312, 141
53, 159, 53, 147, 96, 147, 96, 159
125, 164, 125, 147, 155, 147, 155, 164
206, 168, 154, 164, 156, 147, 207, 150
262, 171, 207, 166, 208, 150, 264, 154
475, 177, 361, 170, 362, 155, 476, 162
942, 273, 869, 271, 869, 247, 942, 249
