923, 245, 872, 241, 873, 226, 924, 229
1143, 270, 1060, 263, 1062, 243, 1144, 250
1062, 280, 1033, 278, 1035, 259, 1064, 261
1166, 290, 1061, 280, 1063, 259, 1168, 269
171, 478, 130, 477, 132, 358, 174, 359
1019, 443, 935, 440, 935, 422, 1020, 425
1080, 445, 1019, 443, 1019, 426, 1081, 427
410, 587, 410, 550, 467, 550, 467, 587
596, 593, 504, 587, 506, 544, 598, 550
467, 588, 467, 553, 508, 553, 508, 588
471, 612, 471, 597, 531, 597, 531, 612
413, 612, 413, 598, 471, 598, 471, 612
567, 612, 567, 600, 591, 600, 591, 612
