719, 127, 676, 124, 677, 108, 720, 110
657, 184, 657, 168, 678, 168, 678, 184
684, 188, 684, 169, 717, 169, 717, 188
746, 188, 716, 187, 717, 169, 747, 171
655, 202, 655, 186, 684, 186, 684, 202
685, 204, 685, 187, 715, 187, 715, 204
955, 298, 955, 287, 1009, 287, 1009, 298
817, 340, 817, 320, 851, 320, 851, 340
851, 340, 851, 320, 906, 320, 906, 340
940, 341, 907, 340, 907, 321, 941, 322
817, 378, 817, 338, 941, 338, 941, 378
901, 409, 820, 408, 820, 375, 901, 376
944, 520, 893, 519, 893, 503, 945, 504
