254, 62, 239, 50, 272, 10, 286, 22
117, 74, 102, 60, 145, 11, 161, 25
87, 112, 71, 98, 104, 60, 120, 74
516, 93, 513, 74, 565, 67, 568, 86
53, 151, 37, 136, 73, 98, 89, 112
7, 211, -10, 196, 37, 136, 56, 151
747, 179, 747, 167, 778, 167, 778, 179
695, 187, 693, 175, 745, 168, 747, 180
161, 206, 143, 194, 163, 163, 182, 174
246, 315, 229, 195, 375, 174, 392, 294
119, 269, 99, 255, 144, 191, 164, 205
536, 235, 535, 217, 586, 211, 588, 230
781, 282, 781, 271, 809, 271, 809, 282
743, 287, 742, 275, 777, 272, 778, 284
358, 333, 352, 319, 376, 309, 382, 323
551, 333, 550, 315, 600, 311, 601, 330
329, 346, 324, 332, 354, 319, 359, 333
290, 365, 284, 351, 324, 332, 330, 345
318, 376, 312, 363, 354, 342, 360, 355
717, 370, 716, 359, 751, 357, 751, 368
310, 403, 304, 391, 349, 368, 355, 380
562, 413, 561, 395, 611, 392, 612, 410
723, 415, 723, 405, 776, 403, 776, 413
374, 531, 361, 515, 428, 459, 441, 475
291, 608, 275, 590, 361, 515, 377, 534
643, 642, 641, 619, 671, 617, 673, 640
659, 662, 659, 640, 675, 640, 675, 662
439, 777, 417, 669, 455, 661, 477, 769
368, 757, 359, 732, 385, 722, 395, 747
