1187, 106, 1177, 62, 1307, 33, 1317, 77
758, 104, 758, 83, 813, 83, 813, 104
863, 108, 813, 104, 815, 83, 865, 87
753, 134, 753, 117, 799, 117, 799, 134
722, 136, 721, 119, 754, 118, 754, 134
802, 134, 802, 118, 834, 118, 834, 134
993, 157, 986, 128, 1041, 116, 1047, 144
792, 154, 792, 136, 833, 136, 833, 154
1166, 198, 1162, 167, 1235, 158, 1238, 188
746, 234, 746, 208, 816, 206, 817, 233
816, 232, 816, 207, 879, 207, 879, 232
827, 309, 826, 284, 881, 281, 882, 307
757, 317, 754, 290, 808, 285, 811, 311
783, 384, 782, 364, 871, 358, 872, 378
761, 403, 759, 383, 884, 375, 886, 395
