195, 131, 87, 79, 103, 45, 212, 97
918, 133, 901, 96, 949, 74, 966, 112
844, 170, 825, 133, 907, 93, 926, 131
354, 248, 354, 231, 396, 231, 396, 248
304, 252, 303, 233, 353, 230, 355, 249
262, 252, 262, 235, 304, 234, 304, 251
305, 267, 304, 251, 390, 249, 390, 264
274, 271, 271, 256, 303, 251, 305, 267
320, 294, 319, 275, 385, 272, 385, 291
279, 295, 278, 278, 319, 275, 320, 292
313, 311, 312, 291, 394, 289, 394, 308
269, 311, 269, 294, 312, 294, 312, 311
332, 333, 331, 317, 375, 315, 375, 332
263, 338, 263, 320, 331, 317, 332, 334
140, 345, 138, 329, 181, 324, 183, 340
327, 349, 327, 332, 366, 332, 366, 349
274, 353, 273, 335, 327, 334, 327, 352
196, 379, 192, 357, 218, 353, 222, 375
169, 384, 166, 360, 194, 356, 197, 381
311, 378, 310, 362, 366, 358, 367, 374
138, 390, 134, 364, 167, 360, 170, 386
257, 382, 256, 365, 310, 360, 312, 377
