447, 218, 446, 195, 515, 192, 516, 215
404, 220, 403, 198, 446, 196, 447, 217
349, 223, 348, 200, 400, 198, 401, 220
678, 276, 677, 248, 757, 246, 758, 274
736, 294, 735, 265, 793, 263, 794, 292
653, 302, 651, 274, 735, 268, 737, 296
733, 320, 732, 294, 801, 290, 802, 317
649, 327, 648, 300, 734, 295, 736, 321
722, 341, 722, 317, 795, 317, 795, 341
681, 345, 680, 322, 721, 321, 722, 344
655, 346, 655, 325, 679, 325, 679, 346
718, 364, 718, 341, 770, 341, 770, 364
686, 367, 684, 346, 719, 343, 720, 364
