1335, 149, 1334, 134, 1365, 131, 1367, 146
1304, 152, 1303, 137, 1334, 135, 1335, 150
509, 170, 508, 153, 570, 148, 571, 165
486, 171, 486, 157, 509, 157, 509, 171
1108, 171, 1108, 156, 1140, 156, 1140, 171
454, 175, 453, 161, 485, 159, 486, 173
391, 184, 389, 168, 452, 160, 454, 176
277, 196, 274, 170, 385, 158, 387, 185
1119, 183, 1119, 168, 1155, 167, 1156, 182
1096, 187, 1094, 172, 1118, 168, 1121, 183
1099, 199, 1098, 183, 1154, 179, 1155, 195
1111, 209, 1111, 196, 1140, 196, 1140, 209
1031, 236, 1031, 209, 1091, 207, 1091, 234
207, 317, 207, 295, 268, 295, 268, 317
262, 423, 221, 422, 222, 402, 263, 403
219, 531, 219, 508, 277, 508, 277, 531
