261, 76, 244, 66, 271, 22, 287, 33
123, 89, 107, 76, 149, 26, 165, 39
521, 104, 517, 84, 567, 75, 571, 94
94, 129, 77, 115, 108, 75, 125, 88
61, 169, 45, 155, 80, 115, 96, 128
18, 230, 0, 216, 45, 155, 64, 169
751, 187, 750, 175, 780, 173, 781, 185
700, 195, 698, 182, 750, 175, 752, 188
172, 225, 152, 214, 170, 181, 190, 192
259, 333, 239, 212, 385, 187, 405, 309
132, 289, 111, 276, 154, 208, 175, 222
545, 247, 542, 229, 592, 222, 594, 241
785, 290, 785, 277, 813, 277, 813, 290
748, 295, 748, 283, 783, 281, 783, 293
561, 346, 559, 327, 609, 323, 611, 341
371, 349, 365, 335, 388, 324, 394, 339
344, 362, 338, 349, 366, 336, 372, 349
304, 383, 297, 369, 338, 349, 345, 363
332, 392, 326, 380, 368, 359, 374, 372
725, 380, 725, 369, 759, 367, 760, 378
322, 424, 315, 412, 364, 385, 370, 397
574, 427, 573, 408, 622, 404, 624, 423
732, 424, 732, 414, 783, 412, 784, 422
393, 550, 379, 533, 443, 474, 458, 490
313, 628, 296, 609, 381, 535, 397, 554
660, 653, 659, 630, 687, 628, 688, 651
679, 674, 675, 651, 690, 649, 693, 672
466, 790, 440, 688, 476, 679, 502, 781
397, 776, 385, 753, 410, 739, 423, 763
394, 793, 379, 791, 382, 763, 397, 765
