442, 205, 442, 182, 493, 181, 493, 204
354, 205, 354, 187, 385, 187, 385, 205
385, 204, 385, 186, 411, 186, 411, 204
301, 207, 301, 188, 324, 188, 324, 207
324, 205, 324, 188, 353, 188, 353, 205
507, 240, 506, 220, 561, 217, 561, 238
210, 239, 210, 224, 266, 221, 267, 237
455, 243, 455, 224, 495, 224, 495, 243
267, 256, 267, 234, 329, 234, 329, 256
211, 258, 211, 237, 266, 237, 267, 258
1107, 372, 1103, 330, 1210, 319, 1215, 361
1201, 408, 1102, 400, 1105, 364, 1204, 372
822, 715, 733, 704, 737, 671, 826, 682
