169, 60, 155, 45, 186, 14, 200, 28
296, 67, 281, 54, 315, 17, 330, 30
150, 75, 138, 59, 159, 45, 170, 61
451, 99, 437, 92, 455, 54, 469, 60
83, 151, 67, 136, 140, 60, 156, 76
560, 103, 558, 84, 608, 78, 610, 97
30, 208, 14, 193, 68, 136, 84, 152
194, 209, 176, 195, 199, 165, 217, 178
734, 196, 733, 184, 783, 178, 784, 190
281, 317, 266, 197, 418, 178, 433, 298
147, 271, 127, 256, 177, 191, 197, 206
578, 241, 577, 223, 627, 218, 629, 236
817, 288, 817, 277, 844, 277, 844, 288
395, 336, 390, 322, 414, 313, 419, 327
591, 338, 590, 319, 640, 315, 641, 333
366, 349, 360, 336, 390, 323, 396, 336
324, 368, 317, 354, 361, 335, 367, 350
352, 379, 346, 365, 391, 346, 397, 360
755, 374, 754, 363, 789, 361, 789, 372
339, 411, 333, 398, 386, 372, 392, 384
602, 417, 600, 399, 650, 395, 651, 413
760, 418, 760, 407, 812, 404, 813, 416
408, 539, 393, 522, 463, 462, 477, 479
785, 526, 784, 516, 828, 513, 828, 523
318, 619, 302, 600, 394, 522, 410, 541
680, 645, 679, 622, 708, 621, 709, 645
687, 689, 685, 667, 716, 664, 718, 686
470, 790, 449, 680, 488, 672, 510, 782
404, 778, 386, 764, 409, 735, 427, 749
393, 794, 377, 791, 382, 761, 399, 764
