1093, 288, 1083, 258, 1170, 232, 1179, 262
809, 265, 809, 244, 845, 243, 845, 264
977, 283, 975, 265, 1009, 260, 1011, 278
934, 289, 931, 272, 975, 265, 978, 283
1013, 311, 1007, 287, 1064, 273, 1070, 297
798, 324, 796, 310, 839, 305, 840, 320
469, 374, 166, 368, 167, 297, 470, 302
1108, 375, 1103, 345, 1188, 330, 1193, 360
1113, 399, 1110, 366, 1199, 358, 1202, 391
384, 420, 382, 393, 477, 388, 479, 415
1115, 431, 1113, 397, 1205, 391, 1207, 426
1024, 437, 1020, 404, 1113, 394, 1116, 427
1218, 484, 1122, 480, 1123, 447, 1220, 451
