769, 124, 724, 120, 726, 103, 770, 107
704, 182, 704, 165, 724, 165, 724, 182
764, 188, 733, 186, 734, 167, 765, 168
792, 188, 764, 186, 765, 168, 794, 170
700, 202, 700, 186, 728, 186, 728, 202
760, 204, 732, 203, 733, 186, 761, 187
1053, 308, 1003, 306, 1003, 295, 1053, 297
858, 348, 858, 328, 893, 328, 893, 348
893, 349, 893, 329, 948, 329, 948, 349
982, 350, 949, 349, 950, 330, 982, 332
983, 389, 856, 386, 857, 345, 984, 348
859, 419, 859, 385, 940, 385, 940, 419
926, 534, 926, 518, 978, 518, 978, 534
