126, 76, 63, 73, 65, 31, 128, 33
16, 75, 16, 48, 54, 48, 54, 75
245, 91, 131, 81, 134, 47, 249, 57
601, 114, 586, 96, 635, 55, 650, 73
429, 109, 331, 100, 333, 72, 431, 81
59, 98, 11, 97, 12, 77, 59, 79
153, 108, 62, 100, 64, 77, 155, 85
157, 108, 157, 88, 181, 88, 181, 108
83, 127, 51, 122, 53, 107, 85, 111
113, 126, 87, 124, 88, 110, 114, 112
162, 131, 113, 129, 113, 114, 163, 116
231, 139, 163, 132, 165, 115, 233, 121
276, 141, 234, 136, 236, 119, 278, 124
62, 141, 19, 138, 20, 125, 63, 129
120, 146, 90, 145, 90, 129, 121, 130
172, 150, 119, 146, 121, 128, 173, 133
206, 152, 172, 149, 173, 133, 208, 136
444, 165, 328, 155, 329, 139, 446, 150
933, 273, 856, 271, 857, 246, 934, 248
