804, 260, 804, 237, 840, 236, 841, 259
1097, 291, 1087, 258, 1179, 231, 1189, 263
977, 283, 975, 263, 1011, 258, 1013, 278
933, 288, 930, 270, 976, 264, 978, 283
1008, 316, 1001, 291, 1066, 273, 1073, 299
461, 373, 163, 356, 168, 279, 465, 296
791, 324, 789, 309, 833, 304, 834, 319
1109, 382, 1105, 352, 1195, 340, 1199, 371
1113, 415, 1108, 381, 1204, 368, 1209, 403
374, 417, 372, 389, 467, 383, 469, 412
1115, 445, 1113, 408, 1209, 404, 1211, 441
1019, 448, 1017, 418, 1114, 411, 1116, 441
1218, 503, 1120, 497, 1122, 462, 1220, 468
