1081, 286, 1071, 255, 1159, 227, 1169, 258
793, 260, 792, 239, 827, 237, 828, 259
919, 286, 916, 267, 995, 255, 998, 274
783, 321, 781, 306, 823, 300, 825, 316
460, 374, 168, 360, 171, 286, 463, 300
802, 344, 800, 330, 834, 327, 835, 340
1099, 373, 1094, 342, 1183, 328, 1188, 359
1105, 406, 1100, 372, 1194, 356, 1200, 390
374, 416, 372, 389, 467, 382, 469, 409
1107, 432, 1105, 396, 1202, 392, 1204, 428
1077, 429, 1077, 405, 1107, 405, 1107, 429
1014, 435, 1012, 405, 1077, 401, 1079, 431
1217, 489, 1116, 485, 1117, 449, 1218, 453
