1314, 353, 1230, 351, 1230, 316, 1315, 317
1207, 410, 1177, 407, 1179, 392, 1209, 395
1208, 411, 1208, 396, 1233, 396, 1233, 411
1283, 420, 1243, 415, 1245, 397, 1285, 402
1285, 420, 1285, 404, 1314, 404, 1314, 420
1204, 427, 1171, 421, 1174, 403, 1207, 410
1240, 432, 1204, 427, 1206, 410, 1242, 415
1279, 436, 1240, 432, 1242, 414, 1281, 419
1311, 440, 1282, 437, 1283, 422, 1312, 424
1201, 457, 1165, 451, 1169, 429, 1205, 436
1260, 468, 1204, 460, 1207, 435, 1263, 443
1315, 478, 1265, 470, 1269, 445, 1319, 454
