1188, 247, 1184, 218, 1291, 203, 1295, 233
1047, 269, 1043, 227, 1181, 213, 1186, 254
992, 272, 989, 236, 1041, 231, 1044, 267
1137, 306, 1135, 283, 1197, 277, 1199, 300
1044, 311, 1043, 290, 1133, 285, 1134, 306
1020, 312, 1018, 297, 1042, 294, 1044, 309
1062, 338, 1062, 322, 1089, 322, 1089, 338
1091, 340, 1091, 320, 1145, 320, 1145, 340
1189, 344, 1148, 340, 1149, 319, 1191, 322
1131, 372, 1131, 357, 1160, 357, 1160, 372
1293, 376, 1232, 374, 1232, 358, 1294, 360
1017, 435, 1017, 420, 1047, 420, 1047, 435
1103, 439, 1047, 436, 1048, 419, 1104, 422
1164, 442, 1102, 440, 1103, 423, 1165, 425
1168, 443, 1168, 426, 1206, 426, 1206, 443
1239, 446, 1208, 445, 1209, 429, 1240, 430
