1303, 140, 1301, 126, 1334, 122, 1335, 136
1272, 144, 1270, 130, 1301, 126, 1303, 140
1071, 166, 1071, 151, 1102, 151, 1102, 166
476, 176, 474, 159, 533, 152, 535, 169
453, 176, 451, 162, 474, 160, 475, 174
1083, 178, 1082, 163, 1120, 161, 1120, 176
421, 181, 420, 166, 452, 163, 453, 177
1059, 181, 1057, 166, 1082, 164, 1083, 179
361, 190, 359, 174, 420, 166, 422, 181
253, 203, 250, 179, 355, 166, 358, 191
1063, 194, 1062, 178, 1119, 174, 1120, 190
1076, 205, 1075, 192, 1106, 191, 1106, 204
996, 233, 994, 207, 1056, 204, 1057, 230
186, 322, 186, 301, 245, 301, 245, 322
240, 428, 201, 426, 202, 406, 241, 408
201, 536, 201, 512, 256, 512, 256, 536
