1114, 206, 1080, 205, 1081, 189, 1114, 191
1101, 218, 1101, 203, 1133, 203, 1133, 218
795, 273, 794, 232, 958, 228, 959, 268
914, 291, 914, 277, 970, 277, 970, 291
303, 321, 220, 315, 223, 280, 306, 286
826, 323, 825, 311, 854, 310, 855, 321
877, 351, 877, 339, 911, 339, 911, 351
845, 353, 844, 341, 877, 340, 878, 351
488, 379, 485, 345, 549, 338, 553, 372
936, 370, 936, 357, 988, 357, 988, 370
861, 373, 861, 361, 914, 359, 914, 372
807, 406, 807, 393, 851, 393, 851, 406
1097, 442, 1096, 387, 1279, 382, 1281, 437
841, 415, 841, 402, 889, 402, 889, 415
1016, 472, 1014, 432, 1039, 430, 1042, 470
1102, 475, 1101, 440, 1281, 435, 1282, 470
410, 499, 410, 485, 440, 485, 440, 499
213, 716, 213, 691, 402, 688, 403, 713
