434, 211, 433, 189, 500, 185, 501, 207
392, 212, 390, 191, 433, 188, 434, 209
338, 216, 336, 194, 387, 190, 388, 212
662, 265, 661, 237, 741, 234, 742, 262
721, 282, 720, 255, 776, 252, 777, 280
637, 290, 635, 262, 719, 256, 721, 284
718, 309, 716, 281, 784, 278, 786, 305
634, 315, 633, 288, 718, 283, 720, 310
707, 330, 706, 306, 780, 304, 781, 328
665, 334, 664, 310, 706, 308, 707, 332
642, 334, 639, 314, 664, 311, 666, 332
704, 352, 703, 328, 754, 326, 755, 349
671, 354, 669, 333, 704, 331, 705, 351
