281, 149, 52, 133, 56, 83, 285, 99
142, 164, 83, 162, 84, 136, 143, 138
285, 175, 148, 169, 149, 138, 286, 144
302, 427, 299, 385, 470, 369, 474, 412
47, 462, 41, 417, 291, 385, 297, 430
358, 456, 354, 430, 416, 421, 420, 448
312, 464, 308, 439, 350, 433, 354, 458
428, 459, 428, 439, 473, 437, 473, 457
230, 479, 225, 448, 305, 436, 310, 466
172, 485, 169, 457, 220, 451, 224, 480
430, 477, 427, 459, 469, 452, 472, 470
106, 497, 102, 465, 166, 458, 170, 490
377, 487, 374, 472, 419, 464, 422, 479
307, 502, 305, 485, 335, 482, 336, 499
284, 505, 282, 490, 306, 487, 308, 502
356, 557, 353, 545, 404, 533, 407, 544
