571, 287, 567, 259, 660, 246, 664, 274
172, 278, 172, 259, 239, 259, 239, 278
239, 277, 239, 260, 287, 260, 287, 277
178, 294, 177, 278, 216, 276, 216, 293
216, 293, 215, 276, 255, 274, 256, 292
255, 292, 255, 277, 286, 277, 286, 292
71, 332, 63, 292, 116, 280, 125, 321
186, 308, 185, 292, 275, 290, 276, 307
197, 325, 197, 307, 265, 305, 265, 322
593, 343, 590, 322, 639, 316, 642, 337
204, 366, 200, 336, 267, 328, 271, 358
596, 363, 594, 341, 642, 337, 644, 359
599, 385, 597, 364, 645, 358, 647, 379
208, 390, 206, 364, 271, 358, 273, 384
651, 622, 475, 602, 479, 566, 655, 586
774, 640, 645, 622, 650, 586, 779, 604
527, 638, 463, 626, 466, 612, 530, 623
612, 654, 526, 637, 530, 620, 616, 636
676, 664, 611, 654, 614, 636, 678, 646
