1206, 255, 1202, 226, 1318, 210, 1322, 239
1055, 277, 1051, 234, 1198, 218, 1203, 261
995, 281, 992, 244, 1046, 238, 1050, 275
1149, 314, 1147, 290, 1215, 283, 1218, 308
1050, 319, 1049, 299, 1147, 292, 1148, 312
1025, 319, 1024, 304, 1049, 303, 1050, 318
1101, 348, 1101, 328, 1158, 328, 1158, 348
1206, 352, 1159, 348, 1161, 326, 1208, 330
1069, 347, 1068, 330, 1096, 329, 1097, 346
1144, 380, 1144, 365, 1175, 365, 1175, 380
1319, 386, 1251, 383, 1252, 366, 1320, 370
1112, 447, 1052, 443, 1053, 426, 1113, 430
1179, 450, 1111, 449, 1112, 432, 1179, 434
1182, 452, 1182, 434, 1223, 434, 1223, 452
1259, 456, 1225, 454, 1226, 437, 1260, 439
