1194, 250, 1190, 223, 1299, 206, 1304, 233
1052, 275, 1047, 234, 1188, 216, 1194, 257
995, 279, 990, 244, 1043, 237, 1048, 272
1140, 310, 1137, 285, 1201, 278, 1204, 303
1046, 316, 1044, 294, 1138, 287, 1139, 309
1150, 345, 1150, 324, 1193, 324, 1193, 345
1093, 343, 1093, 324, 1148, 324, 1148, 343
1062, 343, 1062, 327, 1091, 327, 1091, 343
1081, 374, 1081, 359, 1129, 359, 1129, 374
1132, 375, 1132, 359, 1163, 359, 1163, 375
1236, 376, 1236, 361, 1298, 361, 1298, 376
1017, 438, 1017, 424, 1046, 424, 1046, 438
1101, 441, 1046, 439, 1046, 423, 1102, 425
1100, 442, 1100, 426, 1164, 426, 1164, 442
1168, 444, 1168, 427, 1207, 427, 1207, 444
1209, 446, 1209, 430, 1240, 430, 1240, 446
