183, 118, 77, 66, 94, 32, 200, 84
897, 126, 882, 87, 927, 69, 943, 108
824, 163, 806, 125, 888, 88, 905, 127
339, 238, 339, 220, 381, 220, 381, 238
290, 243, 289, 222, 339, 219, 340, 240
248, 241, 248, 224, 289, 224, 289, 241
290, 256, 290, 240, 375, 240, 375, 256
258, 258, 258, 242, 289, 240, 290, 257
305, 284, 304, 266, 369, 263, 370, 281
265, 285, 264, 267, 304, 265, 305, 282
298, 301, 297, 282, 378, 279, 379, 298
255, 300, 255, 284, 298, 284, 298, 300
316, 324, 315, 308, 361, 305, 362, 321
249, 328, 248, 310, 316, 307, 316, 325
123, 333, 122, 317, 168, 314, 169, 330
312, 340, 312, 324, 352, 324, 352, 340
260, 344, 259, 326, 312, 325, 313, 342
182, 369, 180, 347, 204, 344, 207, 366
155, 374, 152, 350, 180, 346, 183, 371
297, 369, 296, 352, 341, 350, 342, 366
124, 381, 120, 355, 153, 349, 157, 376
242, 373, 241, 355, 296, 351, 297, 369
