651, 314, 651, 285, 746, 285, 746, 314
538, 336, 403, 333, 404, 286, 539, 288
829, 313, 798, 310, 799, 298, 830, 300
537, 336, 537, 289, 560, 289, 560, 336
858, 312, 858, 300, 882, 300, 882, 312
830, 315, 830, 300, 858, 300, 858, 315
856, 325, 856, 311, 884, 311, 884, 325
799, 325, 799, 314, 827, 314, 827, 325
856, 326, 825, 325, 826, 312, 856, 313
906, 327, 906, 314, 934, 314, 934, 327
653, 341, 653, 314, 751, 310, 752, 338
863, 340, 828, 339, 828, 325, 864, 326
827, 356, 797, 352, 799, 339, 829, 343
853, 354, 853, 341, 882, 341, 882, 354
893, 353, 893, 339, 935, 339, 935, 353
692, 400, 613, 399, 613, 376, 692, 377
604, 426, 604, 397, 701, 397, 701, 426
629, 440, 629, 423, 676, 423, 676, 440
