131, 71, 68, 70, 68, 29, 131, 30
252, 87, 137, 77, 140, 43, 255, 52
608, 105, 593, 88, 641, 45, 656, 61
436, 101, 338, 93, 340, 66, 438, 74
62, 97, 11, 94, 12, 74, 63, 76
157, 103, 65, 97, 66, 73, 159, 79
161, 103, 161, 83, 186, 83, 186, 103
83, 121, 54, 119, 55, 104, 84, 106
167, 126, 115, 125, 115, 111, 167, 113
236, 131, 167, 126, 168, 111, 237, 115
282, 134, 238, 130, 240, 114, 283, 118
63, 137, 19, 135, 19, 123, 63, 126
91, 141, 91, 125, 123, 125, 123, 141
175, 146, 122, 141, 123, 123, 177, 128
176, 145, 176, 128, 210, 128, 210, 145
395, 150, 334, 147, 335, 133, 396, 136
450, 155, 395, 151, 396, 136, 451, 140
935, 251, 859, 250, 860, 225, 935, 226
