1273, 210, 1269, 194, 1307, 185, 1311, 201
1280, 224, 1277, 206, 1320, 199, 1323, 217
707, 281, 701, 232, 717, 230, 724, 279
527, 282, 523, 238, 561, 234, 565, 278
524, 392, 504, 247, 524, 244, 544, 389
722, 301, 715, 250, 728, 249, 735, 299
551, 320, 546, 277, 565, 275, 571, 318
528, 301, 528, 280, 549, 280, 549, 301
726, 328, 722, 301, 735, 299, 739, 326
534, 332, 532, 314, 553, 312, 556, 329
559, 387, 549, 320, 571, 317, 580, 383
254, 381, 251, 319, 325, 315, 328, 378
536, 350, 534, 331, 554, 329, 556, 348
538, 371, 535, 350, 555, 347, 558, 368
541, 389, 539, 369, 559, 367, 561, 387
