193, 171, 103, 167, 105, 125, 195, 129
374, 190, 236, 177, 239, 138, 378, 151
217, 212, 107, 206, 109, 165, 219, 170
336, 218, 222, 212, 224, 172, 338, 178
341, 218, 341, 186, 375, 186, 375, 218
105, 256, 105, 239, 195, 239, 195, 256
109, 291, 109, 276, 150, 276, 150, 291
150, 290, 150, 276, 208, 276, 208, 290
111, 324, 111, 309, 178, 309, 178, 324
203, 334, 202, 317, 240, 315, 241, 332
158, 334, 158, 317, 202, 317, 202, 334
112, 337, 111, 323, 158, 320, 159, 334
186, 369, 185, 354, 247, 350, 248, 365
114, 373, 113, 358, 159, 355, 160, 371
332, 395, 331, 383, 376, 380, 377, 392
191, 404, 189, 389, 254, 383, 256, 398
281, 403, 279, 388, 332, 383, 333, 398
329, 411, 325, 391, 391, 378, 395, 397
116, 410, 115, 393, 189, 387, 191, 404
323, 440, 321, 424, 394, 414, 396, 430
119, 447, 117, 430, 207, 420, 209, 437
367, 463, 365, 450, 393, 447, 395, 460
307, 475, 304, 460, 365, 449, 368, 464
177, 476, 175, 461, 215, 455, 217, 470
282, 479, 279, 465, 305, 460, 307, 474
122, 483, 120, 467, 162, 463, 163, 478
182, 512, 180, 497, 215, 491, 217, 506
126, 520, 123, 505, 180, 496, 182, 511
160, 547, 157, 531, 239, 516, 242, 532
