879, 245, 826, 243, 827, 227, 880, 230
1114, 261, 1024, 259, 1025, 238, 1115, 240
1025, 276, 995, 275, 997, 255, 1026, 256
1138, 283, 1025, 277, 1026, 254, 1139, 259
133, 516, 97, 514, 101, 397, 138, 399
978, 452, 909, 451, 909, 432, 978, 433
889, 452, 888, 435, 909, 434, 909, 451
978, 452, 978, 434, 1041, 434, 1041, 452
542, 619, 451, 615, 453, 572, 544, 576
361, 617, 361, 580, 416, 580, 416, 617
416, 616, 415, 583, 457, 582, 457, 615
421, 642, 421, 625, 478, 625, 478, 641
513, 640, 513, 626, 536, 626, 536, 640
363, 643, 363, 628, 420, 628, 420, 643
