1066, 68, 998, 63, 999, 37, 1068, 41
1124, 73, 1064, 67, 1067, 45, 1126, 51
179, 309, 179, 116, 296, 116, 296, 309
672, 320, 579, 318, 583, 124, 676, 126
382, 170, 381, 146, 441, 143, 442, 167
384, 259, 375, 170, 504, 158, 513, 247
511, 220, 509, 164, 560, 163, 561, 219
510, 248, 510, 219, 561, 218, 562, 247
390, 327, 382, 260, 563, 237, 572, 304
571, 359, 566, 326, 633, 317, 637, 349
509, 367, 504, 339, 567, 328, 572, 356
353, 396, 349, 363, 457, 348, 462, 381
508, 393, 503, 367, 578, 353, 583, 378
247, 421, 239, 385, 345, 364, 352, 400
313, 437, 305, 403, 407, 379, 415, 413
235, 507, 227, 445, 349, 430, 357, 492
