1274, 434, 987, 403, 993, 343, 1280, 374
1106, 455, 981, 435, 988, 392, 1113, 412
1262, 485, 1108, 462, 1115, 410, 1269, 433
1001, 457, 980, 455, 982, 438, 1003, 441
1046, 469, 999, 458, 1003, 441, 1050, 453
1076, 476, 1046, 469, 1050, 451, 1080, 458
1138, 490, 1078, 476, 1082, 458, 1142, 471
1187, 501, 1137, 489, 1141, 469, 1192, 481
1253, 515, 1209, 506, 1213, 485, 1257, 495
1009, 552, 975, 542, 979, 528, 1013, 538
1042, 565, 1008, 554, 1013, 538, 1047, 549
1078, 578, 1041, 566, 1046, 550, 1083, 563
