1225, 185, 1190, 184, 1192, 128, 1227, 129
1069, 218, 1057, 172, 1175, 141, 1187, 188
1028, 228, 1025, 185, 1059, 182, 1063, 226
1217, 235, 1217, 179, 1263, 179, 1263, 235
1065, 269, 1055, 220, 1203, 193, 1212, 242
1017, 278, 1010, 237, 1056, 230, 1062, 270
1097, 316, 1090, 267, 1225, 247, 1233, 297
1045, 321, 1040, 279, 1087, 273, 1093, 315
457, 312, 401, 310, 402, 296, 457, 298
1154, 347, 1152, 319, 1208, 315, 1210, 343
1165, 378, 1164, 347, 1282, 342, 1283, 372
1135, 380, 1133, 355, 1165, 352, 1167, 377
