1085, 221, 1085, 205, 1118, 205, 1118, 221
758, 274, 757, 233, 929, 230, 929, 272
939, 295, 880, 293, 881, 279, 939, 281
831, 293, 831, 281, 881, 281, 881, 293
272, 315, 193, 307, 196, 274, 275, 282
787, 325, 787, 312, 817, 311, 818, 324
874, 354, 840, 354, 840, 343, 874, 343
447, 376, 446, 341, 509, 340, 510, 375
900, 377, 900, 362, 954, 362, 954, 377
823, 377, 823, 364, 877, 364, 877, 377
977, 387, 977, 375, 1002, 375, 1002, 387
764, 409, 764, 396, 810, 396, 810, 409
1268, 453, 1067, 450, 1068, 395, 1269, 397
1005, 459, 1004, 426, 1020, 426, 1021, 458
979, 461, 978, 440, 1005, 438, 1006, 459
1269, 487, 1070, 486, 1070, 450, 1269, 450
369, 489, 369, 476, 398, 476, 398, 489
356, 694, 180, 685, 181, 661, 357, 670
