903, 50, 844, 44, 846, 19, 906, 25
1027, 64, 910, 51, 914, 20, 1030, 32
765, 166, 707, 162, 711, 104, 769, 108
816, 141, 780, 139, 781, 111, 818, 112
872, 144, 820, 141, 822, 114, 874, 118
919, 149, 875, 146, 877, 119, 921, 122
924, 149, 924, 123, 946, 123, 946, 149
811, 169, 775, 167, 777, 138, 813, 141
1066, 424, 938, 419, 939, 388, 1067, 393
1159, 429, 1067, 424, 1069, 395, 1160, 400
1296, 488, 925, 482, 926, 412, 1297, 418
1333, 524, 1240, 523, 1240, 504, 1333, 505
1208, 523, 1208, 506, 1240, 506, 1240, 523
