391, 169, 389, 148, 468, 140, 470, 161
906, 228, 903, 198, 947, 194, 950, 224
842, 255, 830, 220, 868, 208, 880, 243
187, 290, 179, 258, 262, 237, 270, 270
453, 280, 452, 263, 497, 260, 498, 277
419, 282, 418, 266, 453, 264, 454, 280
386, 285, 385, 268, 418, 267, 419, 283
471, 290, 470, 277, 504, 274, 505, 288
445, 292, 445, 277, 471, 277, 471, 292
383, 298, 382, 284, 442, 280, 443, 294
258, 357, 245, 298, 313, 283, 326, 342
441, 337, 439, 312, 510, 306, 512, 332
157, 416, 135, 327, 249, 299, 271, 388
908, 343, 903, 323, 945, 313, 949, 333
381, 341, 380, 317, 433, 314, 435, 338
392, 381, 388, 341, 501, 329, 506, 370
265, 386, 259, 355, 323, 342, 329, 373
388, 406, 385, 379, 511, 366, 513, 393
