1179, 92, 1167, 46, 1307, 11, 1319, 57
737, 103, 737, 80, 793, 79, 793, 102
845, 104, 792, 101, 793, 79, 846, 81
978, 153, 969, 123, 1026, 107, 1034, 136
783, 132, 783, 115, 815, 115, 815, 132
732, 135, 731, 117, 778, 115, 778, 133
701, 137, 700, 120, 733, 118, 734, 135
771, 154, 771, 135, 813, 135, 813, 154
1158, 190, 1153, 158, 1230, 146, 1235, 178
798, 237, 797, 210, 860, 207, 861, 235
728, 240, 727, 211, 798, 210, 798, 238
810, 316, 808, 291, 864, 286, 866, 312
740, 325, 737, 298, 791, 292, 794, 318
767, 394, 765, 373, 854, 365, 856, 386
745, 415, 743, 395, 869, 383, 871, 403
