385, 166, 383, 146, 459, 138, 461, 159
892, 228, 888, 200, 932, 194, 936, 222
829, 255, 819, 216, 854, 208, 864, 247
188, 284, 181, 251, 261, 234, 268, 267
448, 276, 447, 260, 491, 256, 492, 273
414, 278, 413, 263, 447, 261, 448, 276
381, 280, 380, 264, 413, 263, 414, 279
467, 287, 466, 274, 496, 271, 497, 284
440, 288, 440, 274, 466, 274, 466, 288
376, 294, 375, 278, 436, 274, 437, 290
255, 350, 247, 291, 314, 281, 323, 340
436, 332, 434, 308, 505, 302, 507, 326
161, 408, 138, 320, 248, 292, 271, 379
378, 336, 377, 313, 429, 309, 430, 333
898, 343, 892, 323, 931, 312, 937, 331
390, 375, 387, 335, 498, 325, 501, 365
264, 380, 258, 350, 322, 337, 329, 367
386, 400, 384, 374, 507, 362, 510, 388
