282, 134, 48, 111, 53, 60, 287, 83
140, 147, 81, 142, 83, 117, 142, 122
285, 160, 146, 152, 148, 120, 287, 128
306, 419, 303, 376, 476, 364, 479, 406
50, 449, 45, 404, 295, 377, 300, 422
434, 441, 431, 420, 477, 414, 480, 435
363, 450, 360, 424, 423, 417, 425, 443
317, 457, 313, 432, 356, 426, 359, 451
435, 459, 432, 438, 479, 432, 481, 453
234, 469, 230, 438, 311, 429, 314, 460
177, 477, 173, 447, 225, 441, 229, 471
436, 472, 433, 454, 478, 448, 481, 465
110, 486, 107, 455, 171, 449, 174, 481
383, 481, 381, 466, 425, 460, 427, 476
340, 491, 339, 474, 359, 472, 360, 489
313, 496, 310, 480, 340, 475, 342, 492
290, 499, 287, 484, 311, 480, 313, 495
