551, 221, 507, 214, 510, 193, 555, 201
913, 240, 860, 236, 862, 221, 914, 224
1150, 266, 1060, 258, 1062, 237, 1151, 245
1173, 286, 1031, 274, 1033, 248, 1175, 260
141, 482, 100, 481, 103, 362, 144, 363
919, 444, 919, 428, 939, 428, 939, 444
1008, 447, 938, 445, 939, 426, 1009, 428
1072, 449, 1008, 447, 1009, 429, 1072, 431
372, 592, 372, 555, 431, 555, 431, 592
561, 598, 468, 595, 469, 553, 563, 556
472, 594, 430, 593, 431, 559, 473, 560
375, 617, 375, 603, 435, 603, 435, 617
494, 618, 435, 617, 435, 604, 494, 604
