1006, 143, 995, 101, 1072, 80, 1083, 122
1201, 185, 1190, 134, 1332, 105, 1342, 156
1014, 193, 1003, 149, 1074, 131, 1085, 175
1215, 235, 1208, 199, 1327, 175, 1334, 211
965, 215, 965, 197, 998, 197, 998, 215
1051, 224, 1047, 204, 1093, 195, 1097, 215
999, 235, 995, 216, 1039, 206, 1043, 226
1339, 438, 1220, 438, 1221, 412, 1340, 413
1106, 685, 1051, 672, 1055, 657, 1109, 670
1104, 702, 1047, 688, 1051, 672, 1108, 685
1083, 747, 991, 721, 997, 700, 1089, 726
1342, 786, 1239, 768, 1247, 722, 1350, 740
