548, 217, 496, 216, 496, 194, 549, 195
405, 216, 405, 198, 435, 198, 435, 216
436, 215, 436, 198, 463, 198, 463, 215
348, 218, 348, 199, 372, 199, 372, 218
373, 217, 372, 200, 402, 199, 403, 215
561, 250, 561, 231, 617, 231, 617, 250
249, 248, 249, 233, 309, 232, 310, 247
507, 254, 507, 236, 549, 234, 549, 252
309, 267, 308, 246, 374, 242, 376, 263
250, 268, 250, 247, 309, 246, 309, 266
1154, 372, 1151, 332, 1253, 324, 1256, 364
1148, 401, 1148, 369, 1244, 369, 1244, 401
868, 703, 778, 691, 783, 658, 872, 669
