153, 45, 139, 31, 170, 0, 184, 14
281, 58, 264, 47, 297, 0, 314, 11
134, 63, 122, 46, 143, 31, 155, 48
106, 101, 89, 86, 124, 48, 141, 63
551, 89, 548, 69, 599, 62, 602, 82
69, 142, 53, 126, 92, 86, 108, 102
20, 202, 2, 186, 54, 127, 71, 142
780, 177, 780, 166, 810, 165, 811, 176
184, 200, 166, 187, 187, 157, 206, 170
729, 184, 728, 172, 778, 166, 779, 178
274, 312, 257, 189, 410, 168, 426, 292
140, 266, 119, 251, 166, 183, 187, 198
572, 232, 570, 213, 621, 208, 623, 227
776, 285, 774, 272, 809, 267, 811, 280
390, 331, 385, 316, 409, 307, 414, 322
587, 331, 585, 312, 635, 308, 637, 327
360, 344, 355, 330, 385, 317, 391, 331
319, 364, 313, 350, 356, 330, 362, 344
349, 375, 342, 363, 386, 341, 393, 353
388, 379, 381, 368, 408, 351, 415, 362
752, 368, 751, 357, 786, 355, 787, 366
335, 407, 329, 395, 381, 367, 388, 379
598, 412, 597, 394, 647, 390, 649, 408
757, 412, 757, 401, 810, 398, 810, 410
408, 535, 393, 518, 462, 459, 476, 476
767, 478, 767, 469, 804, 469, 804, 478
320, 616, 303, 597, 394, 520, 411, 539
681, 642, 680, 619, 709, 618, 710, 640
700, 663, 697, 641, 712, 639, 714, 661
685, 664, 683, 641, 698, 640, 700, 663
688, 684, 686, 664, 716, 661, 717, 681
465, 738, 454, 675, 490, 669, 500, 733
471, 753, 466, 729, 482, 725, 488, 749
483, 789, 459, 776, 491, 715, 515, 727
398, 789, 379, 775, 414, 730, 433, 744
