1159, 396, 1157, 370, 1221, 365, 1223, 392
1096, 401, 1094, 376, 1159, 372, 1161, 397
1190, 421, 1189, 398, 1262, 394, 1263, 417
1149, 421, 1148, 404, 1190, 401, 1191, 419
1107, 423, 1106, 405, 1149, 403, 1150, 421
1071, 425, 1070, 408, 1106, 405, 1107, 422
1121, 463, 1121, 442, 1145, 442, 1145, 463
1170, 468, 1170, 439, 1265, 437, 1265, 466
1147, 465, 1146, 451, 1169, 449, 1170, 464
1135, 495, 1083, 493, 1083, 480, 1135, 482
1163, 502, 1163, 484, 1227, 484, 1227, 502
1286, 502, 1227, 499, 1228, 482, 1286, 485
1188, 517, 1135, 515, 1136, 499, 1189, 501
1227, 518, 1189, 517, 1189, 500, 1227, 501
