222, 155, 131, 149, 134, 105, 225, 112
406, 175, 267, 160, 272, 120, 410, 135
245, 197, 132, 191, 135, 148, 247, 154
366, 206, 251, 197, 255, 154, 370, 162
371, 205, 371, 171, 406, 171, 406, 205
220, 244, 128, 243, 128, 225, 220, 227
172, 281, 172, 265, 231, 265, 231, 281
128, 282, 128, 265, 172, 265, 172, 282
200, 317, 127, 316, 128, 300, 200, 301
223, 327, 222, 309, 263, 307, 263, 325
178, 329, 177, 311, 223, 309, 223, 327
128, 331, 127, 316, 177, 313, 178, 328
204, 366, 203, 349, 267, 344, 268, 361
180, 367, 179, 351, 203, 349, 204, 366
128, 370, 127, 353, 176, 350, 177, 367
385, 388, 384, 377, 413, 374, 414, 385
354, 392, 353, 379, 384, 376, 386, 389
300, 400, 298, 384, 352, 379, 354, 396
208, 403, 206, 387, 273, 379, 275, 396
332, 408, 330, 394, 389, 386, 391, 401
128, 411, 126, 392, 206, 384, 208, 403
342, 440, 340, 424, 414, 413, 417, 428
129, 451, 127, 433, 222, 420, 224, 439
386, 465, 383, 452, 414, 447, 416, 460
323, 478, 320, 462, 383, 450, 386, 466
189, 481, 187, 466, 228, 459, 231, 474
297, 483, 294, 468, 321, 463, 324, 478
130, 490, 128, 474, 172, 467, 174, 484
191, 520, 188, 505, 225, 498, 228, 513
132, 531, 129, 513, 188, 503, 191, 521
165, 561, 161, 542, 250, 524, 253, 542
132, 566, 130, 551, 163, 546, 165, 561
