786, 185, 785, 169, 820, 166, 821, 182
752, 188, 751, 173, 785, 170, 786, 185
602, 204, 600, 173, 666, 168, 668, 199
582, 203, 579, 182, 601, 178, 604, 199
766, 206, 765, 191, 788, 190, 789, 205
523, 226, 523, 186, 579, 186, 579, 226
585, 229, 585, 199, 669, 199, 669, 229
696, 227, 696, 210, 737, 210, 737, 227
737, 226, 737, 211, 759, 211, 759, 226
784, 248, 784, 231, 819, 231, 819, 248
747, 247, 747, 231, 784, 231, 784, 247
673, 298, 626, 293, 628, 269, 675, 274
674, 326, 617, 318, 621, 288, 679, 296
