828, 74, 814, 41, 940, -12, 954, 20
1085, 94, 1073, 62, 1145, 36, 1157, 68
1011, 111, 1003, 85, 1047, 72, 1055, 97
1082, 130, 1072, 93, 1172, 68, 1182, 105
1012, 148, 1006, 114, 1078, 101, 1084, 135
1147, 210, 1143, 180, 1187, 175, 1190, 205
1056, 221, 1053, 186, 1140, 177, 1143, 213
1007, 228, 1004, 205, 1051, 198, 1054, 222
1177, 257, 1173, 212, 1338, 198, 1342, 243
1084, 260, 1082, 221, 1175, 216, 1177, 255
1005, 266, 1003, 235, 1082, 229, 1084, 260
1144, 352, 1054, 343, 1057, 310, 1147, 318
993, 431, 812, 417, 821, 306, 1002, 319
1006, 344, 1006, 319, 1055, 319, 1055, 344
1336, 363, 1229, 358, 1231, 324, 1338, 329
1084, 389, 1031, 385, 1034, 353, 1087, 357
1170, 398, 1086, 390, 1089, 358, 1173, 366
1126, 508, 1022, 477, 1030, 450, 1134, 480
1276, 552, 1126, 513, 1135, 479, 1285, 517
941, 554, 884, 533, 893, 509, 950, 529
882, 651, 823, 618, 839, 589, 898, 623
925, 678, 870, 645, 886, 620, 940, 653
