389, 195, 386, 174, 466, 165, 468, 186
901, 251, 897, 223, 941, 216, 945, 244
835, 278, 828, 238, 862, 233, 869, 273
184, 314, 177, 283, 258, 262, 266, 294
449, 304, 447, 287, 492, 283, 494, 299
414, 306, 413, 290, 448, 288, 449, 304
381, 308, 380, 292, 414, 291, 414, 306
467, 314, 466, 301, 499, 298, 500, 311
440, 315, 440, 301, 466, 301, 466, 315
377, 322, 376, 306, 436, 301, 437, 317
252, 379, 242, 320, 310, 309, 320, 367
435, 359, 433, 335, 504, 327, 507, 351
899, 365, 893, 346, 936, 332, 943, 351
155, 437, 132, 350, 241, 320, 265, 407
377, 364, 374, 341, 428, 336, 430, 359
387, 402, 383, 363, 496, 352, 500, 391
261, 408, 255, 378, 319, 366, 324, 396
382, 426, 380, 400, 504, 387, 506, 413
