1306, 360, 1221, 357, 1222, 320, 1307, 322
1199, 419, 1166, 415, 1168, 399, 1201, 403
1237, 422, 1199, 418, 1201, 402, 1239, 407
1279, 428, 1236, 423, 1239, 405, 1281, 410
1280, 428, 1280, 412, 1311, 412, 1311, 428
1196, 435, 1162, 429, 1164, 413, 1199, 419
1234, 440, 1196, 435, 1198, 418, 1236, 423
1275, 446, 1235, 441, 1237, 422, 1277, 427
1310, 449, 1278, 446, 1279, 430, 1311, 432
1193, 466, 1156, 461, 1159, 439, 1196, 444
1257, 479, 1196, 470, 1200, 444, 1260, 453
1314, 489, 1261, 480, 1265, 455, 1318, 464
