173, 105, 64, 54, 80, 19, 190, 70
885, 121, 875, 71, 916, 62, 927, 113
815, 159, 795, 120, 874, 80, 894, 120
335, 231, 335, 213, 377, 213, 377, 231
285, 232, 285, 214, 335, 214, 335, 232
245, 232, 244, 216, 285, 215, 286, 231
287, 248, 286, 233, 371, 232, 371, 247
256, 251, 255, 235, 286, 233, 287, 248
303, 275, 303, 256, 368, 256, 368, 275
263, 277, 263, 259, 302, 257, 303, 275
297, 293, 296, 273, 377, 272, 377, 292
255, 294, 255, 277, 296, 275, 297, 292
317, 317, 317, 300, 360, 300, 360, 317
250, 320, 250, 302, 316, 301, 316, 319
125, 326, 124, 310, 169, 305, 171, 321
313, 334, 313, 317, 352, 317, 352, 334
261, 336, 261, 319, 314, 319, 314, 336
186, 362, 184, 338, 208, 336, 210, 360
159, 366, 157, 342, 184, 339, 186, 363
129, 373, 126, 345, 157, 342, 160, 369
299, 363, 298, 346, 344, 345, 345, 361
246, 366, 245, 349, 298, 347, 299, 364
