1301, 148, 1299, 134, 1330, 130, 1331, 145
1270, 152, 1269, 137, 1299, 134, 1301, 149
1073, 173, 1073, 158, 1104, 158, 1104, 173
508, 174, 508, 157, 539, 157, 539, 174
479, 179, 478, 164, 509, 160, 510, 175
457, 181, 457, 166, 479, 166, 479, 181
425, 185, 423, 171, 455, 167, 457, 181
1084, 184, 1084, 170, 1121, 169, 1121, 184
364, 194, 362, 178, 423, 170, 426, 186
1061, 189, 1059, 173, 1083, 169, 1086, 185
252, 207, 249, 182, 357, 170, 360, 195
1064, 201, 1062, 186, 1119, 180, 1120, 196
1076, 212, 1076, 199, 1106, 197, 1106, 211
997, 238, 996, 212, 1056, 209, 1058, 235
183, 327, 183, 306, 243, 306, 243, 327
236, 432, 195, 431, 196, 411, 236, 412
193, 540, 193, 517, 249, 517, 249, 540
