987, 218, 958, 182, 1067, 95, 1096, 131
690, 168, 690, 154, 723, 154, 724, 167
663, 169, 662, 156, 690, 154, 691, 167
307, 235, 247, 197, 266, 168, 326, 206
629, 223, 629, 175, 756, 173, 756, 221
638, 255, 635, 219, 755, 210, 757, 246
639, 291, 638, 268, 681, 266, 682, 290
684, 318, 684, 291, 751, 291, 751, 318
633, 326, 629, 297, 679, 290, 683, 319
758, 354, 714, 351, 716, 323, 760, 327
634, 354, 633, 326, 714, 324, 714, 352
674, 436, 673, 423, 737, 422, 738, 435
640, 479, 640, 469, 701, 469, 701, 479
