1184, 184, 1184, 127, 1219, 127, 1219, 184
1066, 219, 1053, 172, 1169, 141, 1182, 188
1212, 237, 1210, 181, 1256, 179, 1258, 235
1026, 230, 1021, 186, 1056, 182, 1060, 226
1061, 271, 1052, 221, 1197, 192, 1207, 242
1016, 280, 1009, 239, 1053, 231, 1061, 271
1095, 318, 1087, 267, 1222, 248, 1229, 299
1044, 324, 1038, 281, 1085, 275, 1091, 318
458, 316, 403, 315, 403, 301, 459, 302
1152, 350, 1149, 321, 1205, 317, 1207, 345
1164, 380, 1162, 349, 1277, 344, 1279, 375
1133, 383, 1131, 358, 1163, 355, 1165, 380
