230, 139, 137, 133, 141, 88, 233, 94
415, 160, 275, 143, 280, 103, 420, 120
256, 183, 140, 177, 142, 134, 258, 139
376, 190, 261, 183, 263, 140, 379, 146
381, 190, 381, 155, 416, 155, 416, 190
231, 233, 137, 231, 138, 213, 231, 215
140, 271, 140, 255, 184, 255, 184, 271
184, 270, 184, 253, 243, 253, 243, 270
141, 307, 141, 290, 215, 290, 215, 307
237, 316, 236, 298, 277, 296, 278, 314
191, 319, 191, 301, 237, 299, 238, 317
142, 322, 141, 307, 191, 303, 192, 318
220, 356, 218, 340, 282, 334, 283, 351
195, 357, 195, 341, 219, 341, 219, 357
143, 363, 141, 345, 189, 341, 191, 359
370, 382, 369, 369, 401, 366, 402, 380
316, 392, 314, 375, 369, 369, 370, 386
224, 395, 222, 378, 289, 370, 291, 387
348, 400, 346, 386, 405, 375, 407, 390
145, 403, 143, 384, 222, 375, 224, 395
358, 432, 356, 416, 430, 402, 433, 419
147, 445, 145, 426, 240, 413, 242, 431
342, 470, 338, 454, 401, 441, 404, 457
208, 475, 205, 459, 247, 452, 249, 468
315, 475, 313, 460, 340, 456, 342, 471
149, 485, 147, 468, 192, 461, 195, 478
212, 514, 209, 499, 246, 491, 249, 507
152, 526, 149, 509, 209, 498, 212, 515
188, 556, 184, 539, 270, 518, 274, 536
155, 562, 152, 547, 183, 542, 186, 557
