1150, 424, 1148, 399, 1209, 394, 1211, 418
1089, 428, 1088, 404, 1148, 400, 1149, 424
1178, 447, 1177, 425, 1247, 421, 1248, 443
1139, 447, 1138, 430, 1177, 428, 1178, 444
1099, 448, 1098, 432, 1138, 430, 1139, 446
1067, 450, 1066, 434, 1096, 432, 1097, 448
1110, 486, 1110, 465, 1134, 465, 1134, 486
1157, 491, 1156, 463, 1239, 460, 1240, 488
1073, 515, 1073, 503, 1123, 503, 1123, 515
1148, 522, 1148, 503, 1209, 503, 1209, 522
1264, 521, 1209, 519, 1210, 503, 1265, 505
1172, 536, 1122, 533, 1123, 518, 1173, 521
1173, 536, 1173, 520, 1208, 520, 1208, 536
