691, 193, 689, 169, 737, 164, 739, 188
617, 205, 613, 181, 688, 171, 691, 194
579, 210, 577, 187, 610, 184, 612, 207
552, 213, 551, 192, 575, 191, 576, 212
471, 230, 466, 204, 548, 190, 552, 215
398, 237, 396, 210, 467, 203, 470, 230
268, 257, 265, 228, 370, 216, 374, 244
208, 264, 205, 240, 264, 232, 268, 256
563, 279, 560, 243, 599, 240, 602, 275
473, 298, 471, 255, 553, 251, 555, 293
378, 307, 373, 265, 460, 254, 465, 296
535, 332, 529, 287, 676, 268, 682, 313
305, 375, 296, 325, 523, 287, 532, 337
352, 504, 348, 480, 431, 466, 435, 490
246, 523, 242, 500, 349, 481, 353, 504
