1023, 162, 1013, 119, 1088, 102, 1098, 145
1207, 209, 1199, 159, 1333, 138, 1341, 188
1027, 209, 1019, 168, 1087, 155, 1095, 196
1013, 231, 980, 229, 981, 212, 1014, 214
1221, 257, 1215, 223, 1327, 205, 1333, 239
1064, 241, 1061, 223, 1106, 216, 1108, 235
1015, 251, 1012, 232, 1053, 225, 1056, 243
1335, 452, 1223, 449, 1224, 426, 1335, 429
1114, 680, 1061, 668, 1064, 653, 1117, 665
1112, 695, 1058, 683, 1061, 667, 1115, 679
1090, 737, 1002, 713, 1007, 693, 1096, 717
1334, 775, 1238, 760, 1246, 715, 1342, 731
