981, 207, 951, 172, 1052, 81, 1083, 116
669, 151, 668, 138, 694, 136, 695, 149
695, 150, 695, 137, 727, 136, 727, 149
319, 215, 263, 174, 282, 147, 339, 188
758, 205, 636, 204, 636, 156, 759, 157
645, 239, 643, 202, 758, 195, 760, 232
647, 276, 647, 253, 688, 253, 688, 276
756, 306, 690, 305, 691, 277, 757, 279
641, 310, 639, 283, 689, 280, 690, 307
763, 344, 720, 341, 722, 313, 765, 315
642, 343, 641, 315, 719, 312, 720, 340
706, 429, 705, 415, 741, 412, 743, 426
677, 428, 677, 415, 706, 415, 706, 428
651, 474, 651, 463, 709, 463, 709, 474
