1157, 411, 1155, 385, 1221, 381, 1223, 407
1094, 415, 1092, 390, 1158, 386, 1159, 411
1189, 438, 1187, 414, 1261, 410, 1263, 433
1147, 436, 1147, 417, 1189, 417, 1189, 436
1105, 437, 1104, 419, 1147, 418, 1148, 437
1070, 438, 1070, 422, 1104, 422, 1104, 438
1143, 479, 1117, 478, 1118, 456, 1144, 457
1168, 485, 1168, 455, 1252, 454, 1253, 484
1168, 481, 1143, 480, 1144, 464, 1169, 465
1081, 510, 1081, 496, 1132, 496, 1132, 510
1148, 520, 1148, 502, 1225, 500, 1225, 518
1284, 519, 1224, 516, 1224, 499, 1285, 502
1186, 533, 1133, 532, 1133, 515, 1186, 517
1224, 535, 1186, 534, 1186, 517, 1225, 518
