35, 82, 35, 52, 77, 52, 77, 82
267, 95, 153, 84, 156, 50, 270, 62
613, 121, 598, 104, 652, 55, 668, 73
448, 113, 352, 102, 355, 75, 451, 85
79, 105, 30, 100, 33, 73, 82, 78
174, 111, 82, 104, 84, 82, 175, 88
177, 111, 177, 91, 200, 91, 200, 111
422, 125, 370, 120, 371, 106, 424, 110
72, 128, 72, 112, 101, 112, 101, 128
251, 140, 183, 135, 184, 119, 252, 123
296, 143, 253, 139, 255, 122, 297, 126
79, 144, 36, 143, 37, 131, 79, 133
108, 149, 108, 132, 139, 132, 139, 149
190, 154, 138, 149, 140, 131, 192, 136
246, 156, 190, 152, 192, 136, 247, 140
461, 165, 347, 156, 348, 142, 463, 151
935, 266, 861, 263, 862, 238, 936, 241
