295, 165, 69, 147, 73, 99, 299, 117
156, 178, 95, 175, 96, 148, 158, 151
296, 189, 160, 179, 162, 152, 298, 162
308, 432, 304, 392, 475, 377, 479, 418
52, 462, 48, 419, 297, 390, 301, 434
433, 450, 431, 430, 476, 425, 478, 445
362, 461, 359, 436, 421, 428, 424, 453
316, 468, 313, 443, 355, 437, 359, 461
433, 463, 432, 446, 477, 444, 477, 461
234, 480, 230, 451, 310, 440, 314, 469
177, 486, 175, 457, 227, 454, 228, 483
433, 480, 431, 463, 476, 457, 479, 474
111, 497, 107, 467, 171, 459, 175, 489
380, 490, 378, 475, 423, 469, 425, 483
52, 505, 49, 477, 99, 472, 102, 500
311, 503, 309, 487, 338, 484, 339, 501
289, 506, 286, 492, 310, 489, 312, 503
