1291, 198, 1288, 178, 1349, 169, 1352, 188
1298, 213, 1296, 195, 1341, 188, 1344, 205
717, 274, 709, 222, 727, 219, 734, 272
555, 315, 545, 227, 566, 225, 577, 312
519, 343, 508, 237, 529, 235, 539, 341
532, 276, 527, 232, 547, 230, 552, 274
731, 296, 725, 240, 738, 239, 744, 295
532, 295, 532, 274, 553, 274, 553, 295
734, 323, 729, 296, 743, 293, 748, 321
538, 327, 536, 310, 558, 307, 560, 324
561, 385, 552, 315, 575, 312, 585, 382
250, 381, 243, 315, 318, 307, 325, 372
540, 345, 538, 326, 557, 324, 559, 343
526, 390, 522, 342, 541, 340, 546, 388
545, 387, 539, 345, 558, 342, 564, 384
