420, 212, 419, 190, 487, 187, 488, 209
379, 215, 377, 193, 419, 190, 421, 212
324, 217, 323, 195, 373, 192, 374, 214
647, 270, 647, 242, 727, 241, 727, 268
706, 287, 705, 260, 761, 258, 762, 285
621, 294, 619, 267, 704, 262, 706, 289
701, 314, 699, 286, 770, 283, 771, 310
617, 319, 615, 292, 702, 288, 703, 315
690, 335, 690, 311, 763, 311, 763, 335
647, 337, 647, 314, 689, 314, 689, 337
622, 339, 620, 318, 647, 316, 648, 337
685, 356, 685, 333, 738, 333, 738, 356
652, 358, 651, 338, 686, 336, 687, 356
