179, 107, 56, 47, 74, 10, 197, 71
940, 129, 921, 90, 970, 67, 988, 107
864, 168, 845, 128, 929, 87, 948, 127
359, 242, 358, 223, 403, 222, 404, 240
304, 243, 304, 224, 359, 224, 359, 243
260, 244, 259, 226, 304, 224, 304, 243
305, 261, 305, 242, 397, 241, 398, 260
272, 263, 271, 244, 305, 243, 306, 261
323, 289, 322, 270, 393, 267, 394, 287
280, 290, 280, 271, 322, 271, 322, 290
317, 309, 316, 289, 402, 284, 404, 303
270, 308, 270, 289, 316, 289, 316, 308
337, 333, 336, 316, 384, 313, 385, 331
265, 337, 264, 316, 337, 314, 337, 334
127, 343, 126, 325, 176, 322, 177, 340
334, 351, 334, 333, 376, 333, 376, 351
276, 353, 276, 335, 333, 334, 334, 352
194, 380, 191, 357, 217, 354, 220, 377
164, 385, 161, 360, 192, 357, 195, 382
318, 381, 317, 363, 366, 360, 367, 378
131, 394, 127, 365, 161, 360, 165, 389
260, 385, 259, 366, 317, 363, 318, 381
