1325, 151, 1324, 135, 1358, 134, 1359, 149
1293, 154, 1292, 140, 1324, 137, 1326, 152
512, 163, 512, 146, 542, 146, 542, 163
482, 166, 481, 151, 512, 148, 513, 163
459, 168, 458, 154, 481, 152, 482, 166
427, 171, 426, 157, 458, 154, 459, 168
1088, 172, 1088, 157, 1120, 157, 1120, 172
367, 179, 365, 164, 426, 157, 428, 172
257, 189, 254, 165, 361, 155, 364, 179
1099, 183, 1098, 169, 1137, 168, 1137, 182
1074, 187, 1072, 172, 1098, 169, 1100, 185
1078, 198, 1078, 183, 1135, 180, 1136, 196
1091, 210, 1091, 197, 1122, 197, 1122, 210
1009, 235, 1008, 208, 1071, 207, 1071, 234
186, 303, 186, 283, 246, 283, 246, 303
236, 407, 197, 404, 198, 384, 238, 388
249, 512, 193, 511, 194, 488, 249, 489
