232, 135, 138, 127, 142, 84, 235, 91
415, 154, 276, 139, 280, 99, 419, 114
254, 176, 139, 171, 141, 127, 256, 133
376, 184, 260, 177, 263, 134, 379, 142
380, 184, 380, 149, 416, 149, 416, 184
228, 224, 134, 222, 134, 205, 228, 207
134, 261, 134, 245, 178, 245, 178, 261
179, 261, 179, 245, 239, 245, 239, 261
134, 297, 134, 281, 207, 281, 207, 297
230, 307, 229, 289, 270, 287, 271, 305
184, 308, 184, 290, 230, 290, 230, 308
133, 312, 133, 296, 183, 294, 184, 310
210, 346, 209, 330, 274, 325, 275, 341
186, 347, 186, 331, 209, 331, 209, 347
133, 352, 132, 335, 180, 331, 182, 348
393, 368, 392, 357, 422, 354, 423, 366
361, 374, 360, 360, 392, 357, 393, 371
307, 381, 305, 364, 360, 359, 362, 376
213, 384, 212, 368, 280, 360, 281, 377
340, 389, 338, 375, 422, 363, 424, 378
133, 392, 131, 374, 212, 366, 214, 384
351, 421, 348, 405, 423, 393, 425, 409
133, 433, 130, 414, 228, 401, 230, 421
330, 460, 327, 444, 390, 431, 393, 447
194, 464, 191, 447, 233, 441, 236, 457
134, 473, 131, 456, 177, 449, 180, 466
195, 503, 193, 486, 231, 480, 233, 496
135, 515, 132, 498, 193, 486, 196, 503
168, 545, 164, 526, 255, 506, 259, 525
135, 551, 132, 535, 166, 529, 169, 544
