736, 297, 640, 295, 640, 266, 737, 268
530, 317, 399, 312, 400, 263, 532, 267
529, 316, 529, 269, 552, 269, 552, 316
816, 296, 785, 295, 785, 281, 816, 282
843, 299, 815, 297, 817, 283, 844, 285
843, 298, 843, 285, 868, 285, 868, 298
911, 300, 911, 288, 943, 288, 943, 300
811, 310, 811, 296, 841, 296, 841, 310
841, 310, 841, 297, 868, 297, 868, 310
739, 322, 641, 321, 642, 294, 739, 295
848, 325, 812, 323, 813, 310, 849, 312
848, 324, 848, 312, 878, 312, 878, 324
784, 337, 784, 324, 812, 324, 812, 337
877, 340, 877, 327, 919, 327, 919, 340
679, 385, 602, 381, 603, 358, 680, 362
687, 410, 592, 409, 593, 379, 687, 381
661, 424, 616, 422, 617, 405, 662, 407
