497, 230, 456, 225, 459, 204, 500, 209
549, 235, 505, 231, 507, 210, 550, 213
904, 257, 852, 252, 854, 237, 905, 241
1137, 283, 1047, 276, 1049, 254, 1139, 262
1049, 294, 1019, 292, 1020, 271, 1051, 274
1157, 304, 1049, 295, 1051, 271, 1159, 281
144, 508, 106, 506, 109, 385, 148, 386
912, 468, 912, 449, 1000, 449, 1000, 468
1060, 471, 1000, 468, 1000, 449, 1061, 452
382, 619, 382, 582, 439, 582, 439, 619
567, 624, 476, 621, 477, 577, 568, 581
440, 623, 437, 588, 478, 584, 481, 620
385, 645, 385, 630, 444, 630, 444, 645
503, 646, 445, 645, 445, 629, 503, 630
515, 646, 515, 632, 538, 632, 538, 646
538, 646, 538, 632, 561, 632, 561, 646
