407, 188, 405, 167, 483, 160, 485, 181
914, 246, 909, 218, 952, 211, 956, 238
850, 271, 841, 235, 874, 227, 883, 263
204, 306, 196, 274, 278, 255, 285, 286
469, 295, 468, 278, 512, 276, 513, 293
435, 298, 434, 282, 468, 280, 469, 295
401, 300, 400, 284, 434, 283, 435, 298
488, 306, 486, 293, 518, 290, 520, 302
460, 307, 460, 293, 487, 293, 487, 307
396, 313, 395, 298, 457, 294, 458, 309
271, 370, 263, 311, 333, 301, 341, 360
456, 350, 454, 326, 526, 320, 528, 344
175, 428, 152, 341, 264, 313, 286, 399
915, 356, 910, 337, 947, 326, 953, 344
398, 356, 396, 332, 449, 328, 451, 351
409, 393, 405, 353, 519, 342, 523, 382
281, 399, 275, 369, 341, 356, 347, 386
405, 417, 403, 392, 527, 379, 530, 404
