1196, 270, 1193, 243, 1304, 229, 1307, 256
1049, 290, 1045, 249, 1189, 235, 1193, 276
992, 292, 990, 257, 1042, 253, 1045, 288
1141, 326, 1139, 303, 1205, 298, 1207, 321
1045, 330, 1044, 310, 1140, 306, 1141, 326
1021, 331, 1019, 316, 1044, 314, 1045, 328
1063, 357, 1063, 341, 1092, 341, 1092, 357
1095, 359, 1095, 340, 1150, 340, 1150, 359
1197, 363, 1154, 360, 1155, 338, 1198, 342
1137, 390, 1137, 376, 1166, 376, 1166, 390
1229, 393, 1169, 391, 1170, 375, 1230, 378
1305, 397, 1241, 393, 1242, 378, 1306, 382
1106, 454, 1048, 450, 1049, 434, 1107, 438
1172, 458, 1106, 456, 1106, 439, 1172, 442
1214, 461, 1174, 459, 1175, 442, 1215, 444
1249, 463, 1217, 461, 1217, 446, 1249, 447
