1195, 76, 1190, 56, 1251, 42, 1255, 63
1187, 100, 1181, 78, 1264, 54, 1270, 76
1035, 122, 1032, 108, 1073, 99, 1076, 114
1074, 193, 1069, 162, 1160, 146, 1165, 177
778, 234, 706, 229, 708, 207, 779, 213
812, 283, 806, 208, 876, 203, 882, 278
1236, 252, 1214, 250, 1217, 208, 1238, 210
1235, 255, 1235, 213, 1259, 213, 1259, 255
1035, 276, 1030, 235, 1061, 231, 1066, 272
966, 296, 962, 241, 1033, 236, 1036, 292
1222, 285, 1220, 263, 1259, 261, 1260, 282
1064, 295, 1034, 292, 1035, 273, 1065, 275
1328, 432, 1251, 424, 1253, 410, 1330, 419
