188, 57, 174, 43, 206, 11, 220, 25
316, 66, 302, 53, 340, 13, 354, 26
168, 74, 156, 57, 178, 41, 190, 57
134, 110, 120, 95, 158, 58, 172, 73
586, 100, 584, 82, 636, 75, 638, 94
95, 150, 80, 134, 122, 95, 136, 110
40, 208, 24, 192, 80, 135, 97, 151
208, 207, 191, 192, 215, 163, 232, 177
296, 317, 280, 197, 435, 176, 451, 296
158, 271, 139, 255, 191, 190, 211, 206
600, 238, 599, 220, 649, 215, 651, 233
802, 290, 801, 277, 836, 276, 836, 288
410, 335, 405, 321, 430, 311, 435, 325
609, 335, 608, 316, 658, 313, 660, 331
380, 348, 374, 335, 406, 321, 412, 334
410, 357, 404, 346, 429, 334, 434, 345
336, 367, 330, 353, 375, 335, 381, 349
365, 378, 359, 365, 405, 345, 411, 358
773, 369, 773, 358, 807, 358, 807, 369
349, 410, 343, 398, 398, 370, 405, 383
617, 414, 615, 396, 665, 392, 667, 410
776, 414, 776, 402, 829, 402, 829, 414
415, 535, 402, 519, 475, 461, 488, 477
321, 617, 305, 597, 403, 520, 418, 540
469, 785, 452, 673, 493, 667, 510, 779
403, 774, 385, 761, 409, 729, 426, 743
387, 786, 373, 779, 386, 755, 400, 763
