819, 88, 806, 55, 911, 13, 924, 47
1078, 116, 1068, 84, 1140, 60, 1151, 92
1049, 116, 1047, 87, 1071, 85, 1073, 114
1002, 130, 997, 103, 1041, 93, 1047, 120
1075, 152, 1068, 115, 1169, 95, 1177, 132
1003, 167, 998, 133, 1071, 123, 1075, 158
1140, 235, 1138, 204, 1184, 202, 1186, 232
1048, 241, 1046, 205, 1134, 201, 1136, 237
998, 247, 995, 222, 1043, 218, 1046, 242
1173, 283, 1171, 238, 1342, 231, 1344, 276
1076, 281, 1075, 242, 1170, 241, 1170, 280
995, 283, 995, 252, 1075, 251, 1076, 281
981, 447, 795, 429, 806, 317, 992, 336
1046, 364, 995, 361, 996, 335, 1047, 338
1137, 376, 1044, 364, 1048, 330, 1142, 341
1337, 396, 1225, 385, 1228, 353, 1340, 363
1075, 410, 1020, 402, 1025, 371, 1079, 379
1165, 422, 1077, 413, 1080, 381, 1168, 390
1116, 532, 1048, 510, 1056, 484, 1125, 507
869, 545, 831, 528, 840, 507, 879, 524
1256, 581, 1118, 537, 1129, 505, 1266, 548
927, 569, 868, 549, 877, 523, 936, 543
909, 698, 809, 631, 828, 603, 927, 670
