804, 204, 803, 189, 838, 185, 839, 201
770, 207, 769, 191, 803, 189, 805, 205
620, 222, 619, 192, 684, 189, 685, 219
715, 211, 715, 187, 752, 187, 752, 211
784, 224, 784, 209, 805, 209, 805, 224
539, 244, 539, 206, 593, 206, 593, 244
619, 247, 619, 218, 685, 218, 685, 247
754, 246, 712, 245, 713, 227, 754, 228
776, 245, 754, 245, 754, 230, 776, 230
836, 268, 800, 265, 801, 246, 838, 249
765, 265, 765, 249, 801, 249, 801, 265
735, 281, 710, 278, 711, 264, 737, 267
688, 316, 642, 309, 645, 286, 692, 292
691, 343, 633, 336, 636, 307, 695, 314
