254, 92, 141, 81, 144, 46, 257, 57
600, 118, 583, 101, 635, 46, 653, 62
434, 106, 338, 98, 340, 70, 436, 78
68, 102, 21, 100, 22, 80, 69, 82
161, 109, 71, 103, 73, 79, 163, 85
165, 109, 165, 88, 188, 88, 188, 109
97, 128, 97, 113, 121, 113, 121, 128
239, 138, 170, 134, 171, 117, 240, 120
284, 141, 239, 136, 241, 119, 286, 124
28, 144, 28, 131, 69, 131, 69, 144
97, 149, 97, 131, 128, 131, 128, 149
179, 153, 128, 148, 130, 130, 181, 136
213, 153, 179, 151, 180, 135, 214, 136
448, 163, 334, 154, 335, 139, 449, 147
928, 265, 852, 262, 853, 236, 929, 239
