453, 221, 452, 198, 520, 195, 521, 218
411, 224, 409, 202, 452, 198, 454, 221
356, 227, 354, 205, 404, 201, 406, 223
682, 278, 681, 249, 760, 246, 761, 275
740, 295, 738, 267, 794, 263, 796, 292
656, 304, 654, 276, 738, 270, 740, 298
735, 322, 734, 294, 802, 290, 803, 319
653, 330, 651, 302, 735, 296, 737, 324
725, 345, 723, 322, 796, 317, 798, 340
684, 349, 683, 325, 724, 322, 725, 347
659, 350, 657, 328, 682, 325, 684, 347
720, 366, 720, 343, 772, 343, 772, 366
688, 369, 686, 348, 720, 345, 722, 366
