804, 189, 802, 172, 838, 169, 839, 186
770, 191, 769, 174, 803, 172, 804, 189
622, 205, 620, 172, 685, 169, 686, 202
715, 194, 715, 179, 754, 179, 754, 194
599, 208, 595, 182, 620, 178, 625, 204
541, 228, 541, 186, 597, 186, 597, 228
784, 211, 784, 195, 805, 195, 805, 211
604, 237, 603, 205, 687, 201, 688, 233
755, 234, 713, 230, 714, 212, 756, 215
755, 232, 755, 216, 777, 216, 777, 232
747, 253, 711, 250, 712, 235, 748, 238
802, 255, 765, 255, 765, 238, 802, 238
836, 258, 801, 255, 802, 236, 838, 239
736, 271, 710, 267, 712, 253, 738, 257
690, 307, 645, 302, 648, 277, 693, 282
692, 338, 635, 330, 640, 298, 697, 306
676, 350, 651, 348, 653, 331, 678, 333
