651, 304, 650, 275, 744, 273, 745, 301
852, 298, 851, 284, 884, 282, 885, 296
824, 298, 794, 297, 794, 284, 825, 285
921, 295, 921, 285, 951, 285, 951, 295
824, 299, 824, 285, 852, 285, 852, 299
411, 330, 411, 281, 542, 281, 542, 330
541, 328, 541, 283, 563, 283, 563, 328
850, 310, 850, 296, 882, 296, 882, 310
899, 309, 899, 298, 927, 298, 927, 309
850, 312, 820, 310, 820, 297, 850, 298
794, 311, 794, 300, 822, 300, 822, 311
653, 329, 652, 302, 749, 299, 749, 326
794, 324, 794, 311, 823, 310, 823, 323
857, 325, 822, 323, 823, 310, 857, 312
857, 323, 857, 311, 888, 311, 888, 323
886, 337, 886, 325, 927, 325, 927, 337
823, 339, 794, 338, 794, 326, 823, 326
615, 392, 615, 368, 692, 367, 692, 390
606, 418, 606, 389, 699, 387, 700, 415
631, 431, 631, 413, 677, 413, 677, 431
