410, 223, 409, 201, 473, 198, 474, 219
369, 225, 367, 204, 409, 202, 410, 223
320, 229, 318, 207, 366, 204, 368, 225
677, 278, 675, 251, 703, 248, 706, 275
628, 279, 627, 252, 676, 250, 677, 277
685, 297, 684, 269, 738, 267, 740, 295
603, 305, 602, 277, 683, 272, 685, 299
681, 325, 678, 297, 746, 290, 749, 318
601, 330, 599, 303, 681, 298, 683, 325
671, 345, 671, 322, 742, 322, 742, 345
630, 349, 630, 325, 670, 324, 671, 348
606, 349, 605, 328, 630, 327, 631, 348
667, 367, 667, 343, 718, 343, 718, 367
636, 369, 634, 349, 667, 347, 669, 367
