124, 87, 64, 86, 65, 45, 125, 46
583, 120, 566, 102, 617, 55, 633, 73
238, 100, 128, 90, 131, 57, 241, 67
415, 114, 320, 108, 322, 80, 417, 86
59, 110, 13, 108, 14, 90, 59, 91
148, 117, 61, 112, 62, 88, 150, 94
152, 117, 152, 97, 174, 97, 174, 117
52, 134, 52, 119, 83, 119, 83, 134
157, 141, 84, 135, 85, 120, 158, 127
222, 145, 158, 140, 159, 124, 223, 129
266, 147, 225, 144, 226, 128, 267, 131
88, 154, 88, 139, 117, 139, 117, 154
166, 159, 116, 155, 118, 137, 168, 141
198, 160, 166, 157, 167, 141, 200, 144
375, 164, 317, 161, 318, 146, 376, 150
429, 169, 375, 165, 376, 150, 430, 154
913, 270, 836, 267, 837, 242, 914, 245
