720, 209, 717, 187, 765, 181, 768, 204
645, 218, 642, 194, 717, 187, 719, 210
606, 223, 605, 201, 638, 198, 640, 220
579, 226, 578, 205, 602, 204, 603, 225
496, 238, 492, 213, 575, 202, 578, 228
422, 245, 420, 219, 492, 213, 494, 239
290, 261, 287, 232, 395, 222, 397, 251
226, 267, 224, 243, 285, 237, 287, 260
589, 289, 587, 254, 626, 252, 628, 287
499, 305, 497, 264, 579, 260, 581, 302
402, 313, 397, 272, 485, 261, 490, 302
561, 338, 555, 296, 704, 278, 709, 320
325, 375, 319, 327, 549, 296, 556, 344
266, 517, 262, 494, 455, 465, 458, 488
