162, 106, 44, 50, 61, 15, 179, 71
913, 108, 894, 67, 944, 45, 962, 86
835, 149, 815, 109, 901, 65, 921, 106
1068, 237, 1068, 203, 1108, 203, 1108, 237
332, 233, 331, 214, 375, 213, 376, 231
279, 236, 279, 216, 332, 216, 332, 236
237, 237, 237, 219, 279, 217, 280, 235
281, 252, 280, 235, 370, 235, 370, 251
249, 254, 248, 237, 280, 235, 281, 253
297, 280, 297, 261, 365, 258, 366, 277
256, 281, 256, 262, 297, 262, 297, 281
292, 298, 290, 279, 374, 274, 375, 293
247, 299, 247, 280, 291, 280, 291, 299
311, 323, 310, 306, 355, 302, 357, 319
242, 327, 241, 307, 310, 303, 312, 323
113, 334, 111, 317, 158, 313, 160, 330
308, 340, 307, 322, 347, 321, 348, 338
253, 343, 253, 324, 307, 323, 308, 342
174, 371, 171, 348, 196, 344, 200, 367
146, 375, 144, 351, 172, 348, 175, 372
292, 369, 291, 352, 339, 349, 340, 366
116, 383, 112, 356, 144, 351, 148, 379
237, 374, 236, 356, 291, 351, 293, 369
