300, 56, 284, 43, 318, 0, 334, 12
170, 48, 155, 33, 187, 1, 202, 16
154, 65, 139, 50, 157, 32, 172, 47
121, 104, 105, 89, 141, 51, 157, 66
571, 89, 568, 69, 620, 61, 623, 80
84, 146, 68, 130, 108, 90, 124, 106
34, 207, 17, 191, 70, 131, 87, 146
802, 177, 802, 165, 833, 163, 834, 175
751, 185, 749, 172, 802, 166, 803, 178
199, 205, 180, 192, 202, 159, 221, 172
292, 317, 272, 194, 422, 169, 443, 292
154, 271, 134, 256, 183, 187, 203, 202
591, 234, 589, 215, 640, 209, 642, 229
797, 286, 796, 274, 831, 271, 832, 283
406, 336, 400, 322, 424, 311, 430, 325
604, 335, 602, 316, 653, 311, 655, 330
376, 349, 370, 335, 401, 322, 407, 336
334, 369, 328, 355, 371, 336, 377, 350
363, 380, 357, 367, 402, 346, 408, 359
770, 370, 770, 359, 805, 358, 806, 369
401, 384, 396, 373, 423, 359, 429, 370
351, 412, 345, 400, 396, 373, 402, 385
615, 417, 613, 398, 664, 394, 666, 413
776, 416, 776, 406, 829, 404, 829, 414
421, 542, 406, 525, 476, 465, 490, 482
333, 624, 316, 605, 407, 525, 423, 545
708, 648, 708, 624, 723, 624, 723, 648
696, 650, 692, 626, 707, 624, 711, 648
714, 670, 710, 648, 724, 645, 728, 668
485, 795, 464, 683, 503, 675, 524, 788
405, 800, 387, 785, 424, 739, 443, 753
