1130, 242, 1100, 241, 1101, 227, 1131, 229
788, 292, 787, 252, 953, 249, 954, 290
962, 314, 907, 311, 908, 297, 963, 300
300, 332, 218, 324, 222, 290, 303, 298
869, 371, 828, 370, 828, 357, 869, 358
869, 370, 869, 358, 903, 357, 903, 370
481, 391, 477, 358, 541, 350, 545, 384
928, 390, 928, 377, 980, 377, 980, 390
853, 391, 853, 378, 906, 378, 906, 391
797, 423, 797, 410, 842, 410, 842, 423
1089, 462, 1089, 408, 1277, 408, 1277, 462
878, 433, 831, 431, 831, 419, 879, 421
1031, 470, 1027, 436, 1043, 434, 1047, 468
1006, 490, 1005, 446, 1031, 445, 1032, 489
824, 472, 824, 458, 852, 458, 852, 472
1093, 494, 1093, 460, 1278, 460, 1278, 494
403, 505, 403, 492, 432, 492, 432, 505
397, 711, 213, 705, 214, 682, 397, 687
