593, 124, 592, 105, 644, 103, 645, 122
546, 131, 543, 112, 588, 105, 591, 124
275, 252, 198, 234, 207, 196, 284, 215
1151, 239, 1150, 220, 1180, 219, 1181, 237
54, 249, 50, 225, 108, 218, 111, 241
596, 267, 595, 240, 665, 236, 667, 264
539, 275, 535, 249, 595, 240, 599, 266
1247, 287, 1242, 254, 1297, 246, 1302, 280
51, 329, 49, 309, 107, 303, 109, 323
49, 342, 48, 328, 109, 323, 110, 338
1251, 356, 1247, 328, 1305, 319, 1310, 346
608, 372, 606, 346, 674, 339, 676, 365
550, 379, 547, 359, 591, 352, 594, 373
1263, 402, 1263, 370, 1319, 370, 1319, 402
