200, 143, 111, 138, 114, 94, 203, 99
380, 164, 243, 149, 248, 108, 385, 124
225, 185, 115, 180, 117, 137, 227, 143
343, 194, 230, 186, 233, 144, 346, 153
347, 193, 347, 159, 382, 159, 382, 193
203, 234, 113, 231, 113, 214, 203, 216
117, 269, 117, 253, 158, 253, 158, 269
159, 269, 159, 253, 216, 253, 216, 269
187, 304, 118, 303, 118, 288, 187, 289
210, 314, 209, 297, 248, 296, 249, 313
166, 315, 166, 298, 210, 298, 210, 315
119, 318, 119, 303, 166, 301, 166, 316
194, 352, 193, 336, 254, 332, 255, 348
121, 357, 120, 341, 165, 337, 166, 353
340, 381, 338, 368, 398, 361, 399, 374
199, 389, 197, 373, 262, 367, 264, 383
288, 388, 286, 372, 339, 367, 340, 383
339, 393, 338, 378, 399, 373, 400, 387
124, 395, 122, 378, 197, 372, 199, 389
330, 429, 327, 413, 400, 401, 403, 416
127, 436, 125, 418, 215, 406, 217, 424
314, 464, 311, 449, 372, 438, 375, 453
184, 466, 182, 450, 223, 444, 225, 460
288, 468, 286, 454, 312, 450, 314, 465
130, 473, 128, 457, 171, 451, 173, 467
190, 503, 187, 488, 223, 482, 225, 498
134, 513, 131, 497, 187, 487, 190, 503
167, 542, 164, 524, 247, 508, 250, 525
136, 546, 134, 532, 164, 528, 166, 542
