831, 101, 817, 65, 934, 19, 948, 55
1098, 126, 1085, 94, 1160, 65, 1172, 97
1067, 126, 1065, 96, 1090, 95, 1092, 125
1020, 141, 1014, 114, 1060, 103, 1066, 130
1094, 162, 1086, 124, 1191, 103, 1199, 141
1021, 179, 1016, 143, 1089, 133, 1094, 168
1161, 245, 1158, 214, 1205, 210, 1207, 241
1066, 254, 1063, 218, 1154, 211, 1157, 247
1014, 260, 1011, 236, 1061, 230, 1064, 254
1193, 293, 1191, 248, 1364, 238, 1366, 283
1095, 293, 1094, 255, 1190, 251, 1191, 290
1012, 296, 1011, 265, 1093, 262, 1094, 293
997, 460, 809, 441, 820, 332, 1008, 350
1156, 386, 1063, 377, 1067, 342, 1160, 352
1063, 377, 1011, 375, 1012, 349, 1064, 351
1358, 402, 1246, 396, 1248, 363, 1360, 369
1094, 423, 1037, 417, 1041, 384, 1097, 391
1184, 432, 1095, 424, 1098, 392, 1187, 401
1134, 542, 1032, 511, 1040, 484, 1143, 515
1287, 589, 1137, 549, 1146, 517, 1295, 557
943, 583, 883, 561, 892, 536, 952, 558
925, 708, 817, 642, 835, 613, 943, 679
