212, 152, 120, 147, 122, 102, 214, 107
396, 170, 256, 156, 260, 116, 400, 130
235, 194, 122, 190, 124, 147, 237, 151
357, 201, 241, 195, 243, 153, 359, 159
361, 201, 361, 166, 397, 166, 397, 201
211, 243, 118, 242, 119, 225, 212, 226
120, 281, 120, 264, 164, 264, 164, 281
165, 280, 165, 264, 223, 264, 223, 280
121, 316, 121, 300, 194, 300, 194, 316
216, 325, 215, 307, 255, 306, 256, 323
170, 327, 170, 308, 216, 308, 216, 327
122, 331, 121, 316, 170, 313, 171, 328
199, 364, 197, 348, 261, 342, 262, 359
174, 366, 173, 350, 197, 348, 198, 365
122, 370, 121, 353, 171, 349, 172, 366
348, 390, 346, 378, 407, 371, 409, 384
294, 399, 292, 383, 347, 377, 348, 393
203, 402, 201, 386, 267, 378, 269, 394
338, 404, 337, 390, 408, 381, 409, 395
124, 410, 122, 392, 201, 384, 203, 402
336, 439, 334, 423, 409, 411, 412, 426
126, 450, 124, 432, 218, 419, 220, 437
380, 462, 379, 449, 410, 445, 412, 458
319, 476, 316, 460, 379, 448, 382, 464
186, 480, 184, 464, 224, 457, 227, 473
293, 481, 290, 467, 317, 461, 320, 476
128, 489, 126, 472, 170, 466, 173, 483
189, 518, 187, 503, 223, 496, 226, 512
131, 529, 128, 513, 187, 502, 190, 519
164, 559, 161, 541, 247, 522, 251, 540
132, 565, 130, 550, 162, 544, 165, 558
