816, 110, 804, 77, 919, 34, 931, 67
1088, 135, 1078, 103, 1152, 79, 1162, 110
1055, 134, 1055, 106, 1079, 106, 1079, 134
1009, 149, 1003, 122, 1048, 111, 1054, 138
1086, 169, 1078, 133, 1182, 112, 1189, 149
1011, 185, 1006, 151, 1080, 141, 1085, 174
1156, 248, 1154, 219, 1201, 215, 1203, 244
1059, 256, 1057, 221, 1148, 215, 1150, 250
1006, 262, 1004, 238, 1054, 233, 1056, 257
1190, 295, 1188, 251, 1366, 241, 1368, 285
1091, 294, 1090, 257, 1186, 254, 1187, 292
1006, 297, 1005, 267, 1087, 264, 1088, 294
996, 455, 803, 439, 811, 333, 1005, 348
1156, 384, 1059, 374, 1063, 340, 1160, 351
1008, 373, 1008, 348, 1059, 348, 1059, 373
1365, 401, 1249, 395, 1251, 361, 1366, 367
1093, 419, 1035, 410, 1039, 381, 1097, 389
1186, 430, 1094, 419, 1097, 388, 1190, 399
1140, 534, 1070, 515, 1077, 489, 1147, 508
1268, 574, 1142, 540, 1151, 509, 1277, 544
944, 572, 883, 553, 892, 528, 952, 547
926, 695, 815, 627, 833, 598, 943, 667
