434, 220, 434, 198, 501, 197, 502, 218
392, 222, 390, 201, 433, 199, 434, 219
337, 223, 336, 203, 387, 200, 388, 221
665, 277, 664, 249, 745, 247, 745, 276
724, 293, 723, 266, 780, 264, 781, 291
640, 300, 638, 274, 705, 270, 707, 295
706, 295, 706, 275, 722, 275, 722, 295
720, 319, 718, 293, 788, 289, 790, 315
635, 324, 634, 299, 721, 294, 722, 319
709, 339, 709, 316, 783, 316, 783, 339
667, 342, 667, 319, 709, 319, 709, 342
642, 343, 641, 323, 666, 322, 668, 341
706, 360, 706, 337, 759, 337, 759, 360
