430, 190, 430, 167, 497, 165, 497, 188
389, 192, 387, 171, 429, 168, 431, 189
335, 195, 334, 173, 384, 170, 385, 192
657, 248, 655, 220, 734, 216, 736, 244
714, 264, 712, 236, 770, 233, 771, 262
632, 272, 630, 245, 714, 239, 715, 266
711, 291, 709, 264, 778, 259, 780, 286
629, 298, 627, 272, 712, 265, 714, 291
773, 312, 700, 311, 701, 288, 774, 289
660, 316, 659, 292, 700, 290, 701, 314
635, 317, 634, 295, 659, 294, 660, 315
697, 334, 697, 311, 749, 311, 749, 334
665, 336, 663, 316, 698, 313, 699, 334
