405, 177, 404, 155, 481, 149, 483, 171
911, 247, 907, 219, 949, 212, 954, 240
849, 274, 840, 235, 873, 227, 881, 266
203, 297, 196, 264, 278, 245, 285, 278
469, 290, 469, 272, 514, 272, 514, 290
435, 293, 434, 277, 469, 275, 470, 291
403, 294, 402, 278, 434, 277, 435, 293
489, 302, 488, 288, 522, 286, 522, 300
461, 303, 461, 288, 489, 288, 489, 303
401, 309, 400, 294, 459, 289, 461, 304
274, 365, 266, 303, 335, 295, 343, 357
175, 425, 152, 334, 267, 305, 290, 397
458, 347, 456, 322, 528, 318, 529, 343
400, 353, 398, 328, 451, 324, 453, 349
914, 362, 909, 342, 945, 332, 950, 352
412, 392, 409, 351, 521, 342, 524, 383
284, 396, 278, 365, 343, 352, 349, 383
408, 417, 405, 390, 530, 378, 532, 406
