203, 141, 110, 134, 113, 90, 207, 96
392, 165, 250, 148, 255, 107, 397, 125
228, 184, 113, 176, 116, 133, 231, 141
352, 194, 234, 184, 237, 143, 356, 152
357, 194, 357, 160, 393, 160, 393, 194
204, 231, 110, 228, 111, 211, 204, 214
112, 266, 112, 250, 156, 250, 156, 266
156, 267, 156, 250, 216, 250, 216, 267
113, 301, 113, 285, 185, 285, 185, 301
209, 313, 209, 296, 249, 294, 250, 311
162, 313, 162, 297, 209, 296, 209, 312
114, 315, 113, 300, 162, 299, 162, 314
191, 350, 190, 334, 255, 331, 256, 347
168, 351, 167, 336, 189, 335, 190, 350
114, 354, 113, 338, 162, 335, 163, 351
373, 375, 373, 364, 404, 362, 405, 373
342, 379, 342, 366, 374, 365, 374, 378
195, 388, 193, 371, 262, 365, 264, 382
289, 387, 287, 371, 342, 367, 343, 382
115, 393, 114, 374, 194, 368, 195, 387
336, 393, 335, 379, 404, 372, 405, 386
332, 427, 330, 412, 405, 401, 407, 416
118, 434, 116, 415, 212, 404, 214, 423
376, 451, 375, 437, 405, 434, 407, 449
314, 463, 311, 447, 375, 436, 377, 452
179, 464, 177, 448, 218, 442, 221, 458
287, 467, 285, 453, 312, 449, 315, 463
120, 471, 118, 455, 164, 450, 165, 466
182, 502, 180, 486, 217, 480, 220, 495
123, 511, 120, 494, 180, 485, 183, 502
157, 541, 154, 522, 242, 505, 245, 524
124, 545, 122, 530, 155, 525, 158, 540
125, 558, 123, 544, 159, 538, 161, 552
