293, 141, 65, 118, 70, 68, 298, 90
154, 153, 94, 148, 96, 124, 155, 128
295, 166, 157, 153, 160, 123, 298, 136
307, 424, 303, 380, 474, 365, 477, 409
53, 451, 48, 406, 295, 379, 300, 424
431, 443, 429, 423, 474, 418, 476, 438
361, 453, 358, 426, 420, 419, 423, 445
316, 460, 312, 434, 355, 429, 358, 454
431, 457, 430, 438, 475, 436, 476, 455
234, 471, 230, 441, 309, 431, 313, 461
177, 479, 174, 449, 225, 443, 228, 474
432, 475, 429, 457, 475, 451, 477, 468
111, 489, 107, 458, 171, 449, 175, 480
379, 484, 376, 469, 422, 462, 424, 477
52, 494, 52, 466, 102, 466, 102, 494
288, 502, 285, 485, 336, 477, 339, 495
244, 506, 242, 492, 286, 486, 288, 500
358, 554, 355, 542, 405, 531, 407, 543
