585, 290, 581, 264, 670, 248, 675, 274
184, 294, 183, 276, 251, 273, 252, 292
251, 291, 251, 275, 298, 274, 298, 290
228, 308, 226, 290, 266, 287, 267, 305
297, 305, 266, 303, 267, 289, 298, 291
188, 310, 187, 293, 227, 291, 228, 308
192, 327, 190, 309, 286, 301, 287, 319
79, 351, 73, 309, 126, 301, 132, 344
207, 341, 206, 324, 272, 319, 273, 336
603, 346, 601, 324, 648, 319, 651, 340
607, 367, 604, 346, 651, 339, 654, 361
212, 380, 210, 349, 278, 345, 280, 375
608, 388, 606, 367, 654, 361, 657, 382
216, 406, 213, 379, 279, 372, 282, 399
783, 646, 476, 613, 480, 574, 787, 607
586, 660, 532, 653, 534, 637, 588, 644
621, 666, 585, 660, 588, 642, 624, 647
684, 675, 620, 666, 622, 647, 686, 656
