1160, 103, 1149, 59, 1288, 25, 1299, 69
719, 114, 718, 92, 773, 89, 775, 111
827, 115, 774, 112, 775, 91, 828, 93
957, 159, 950, 130, 1006, 116, 1013, 145
763, 141, 763, 125, 795, 125, 795, 141
714, 143, 714, 126, 759, 125, 760, 142
684, 146, 682, 130, 715, 127, 716, 143
753, 161, 752, 142, 804, 141, 804, 160
1140, 195, 1136, 163, 1214, 152, 1218, 185
778, 237, 778, 211, 840, 211, 840, 237
708, 241, 707, 214, 777, 211, 778, 238
788, 313, 787, 288, 843, 286, 844, 311
718, 322, 715, 295, 775, 289, 778, 315
744, 387, 743, 366, 835, 362, 836, 383
722, 409, 720, 389, 848, 379, 849, 399
