1304, 426, 1013, 409, 1016, 350, 1307, 366
1132, 449, 1007, 428, 1015, 385, 1139, 406
1290, 475, 1136, 453, 1143, 403, 1297, 425
1028, 452, 1006, 450, 1008, 433, 1029, 436
1073, 463, 1026, 453, 1029, 436, 1077, 446
1102, 469, 1073, 463, 1076, 446, 1106, 452
1165, 481, 1105, 470, 1109, 450, 1169, 462
1214, 492, 1164, 480, 1168, 461, 1219, 473
1281, 505, 1236, 496, 1241, 476, 1285, 486
1035, 545, 1001, 534, 1006, 519, 1040, 530
1068, 557, 1034, 545, 1039, 529, 1074, 541
1104, 569, 1067, 557, 1072, 541, 1110, 553
