139, 76, 125, 62, 154, 33, 168, 47
123, 93, 110, 78, 128, 63, 141, 77
523, 106, 520, 87, 570, 78, 573, 97
96, 131, 80, 118, 111, 80, 128, 93
63, 170, 47, 155, 82, 117, 98, 131
18, 227, 1, 213, 49, 156, 66, 170
753, 185, 752, 174, 783, 173, 783, 184
701, 194, 699, 182, 751, 174, 752, 186
173, 222, 154, 212, 173, 180, 192, 190
258, 325, 241, 208, 386, 186, 403, 304
132, 284, 112, 271, 155, 206, 175, 219
546, 243, 544, 225, 594, 219, 596, 238
751, 289, 750, 277, 783, 276, 784, 287
561, 338, 559, 320, 609, 315, 611, 333
371, 341, 365, 327, 388, 318, 394, 332
343, 353, 337, 340, 366, 328, 372, 342
303, 373, 297, 360, 338, 341, 344, 354
332, 384, 325, 371, 367, 350, 373, 363
726, 370, 725, 359, 760, 358, 760, 368
324, 411, 317, 399, 363, 375, 370, 387
574, 416, 573, 398, 621, 393, 623, 411
732, 414, 731, 403, 784, 401, 784, 411
741, 479, 740, 469, 779, 467, 779, 476
390, 533, 377, 518, 443, 462, 456, 478
310, 609, 295, 591, 377, 518, 393, 535
660, 635, 656, 612, 670, 609, 674, 632
664, 674, 663, 653, 693, 651, 694, 671
460, 768, 436, 666, 473, 658, 497, 759
385, 750, 385, 720, 409, 720, 409, 750
