809, 112, 795, 78, 917, 29, 930, 63
1075, 134, 1063, 102, 1134, 77, 1145, 108
1043, 135, 1041, 105, 1066, 104, 1067, 133
998, 148, 992, 121, 1036, 111, 1042, 138
1073, 168, 1065, 132, 1165, 109, 1174, 146
1001, 184, 996, 151, 1068, 140, 1074, 173
1146, 246, 1143, 217, 1187, 212, 1190, 241
1052, 255, 1049, 221, 1138, 213, 1141, 248
1001, 262, 998, 238, 1046, 232, 1049, 256
1181, 292, 1178, 249, 1347, 237, 1350, 281
1084, 293, 1082, 256, 1176, 252, 1178, 289
1002, 297, 1000, 267, 1080, 262, 1082, 293
999, 454, 805, 437, 814, 333, 1008, 349
1151, 383, 1058, 373, 1061, 340, 1154, 349
1007, 373, 1007, 348, 1059, 348, 1059, 373
1354, 397, 1241, 390, 1243, 357, 1356, 364
1092, 418, 1035, 410, 1039, 380, 1096, 387
1182, 427, 1093, 418, 1096, 387, 1186, 397
1140, 533, 1076, 512, 1083, 490, 1147, 511
1300, 579, 1144, 538, 1153, 506, 1308, 547
954, 575, 894, 553, 903, 529, 963, 551
943, 697, 841, 635, 857, 609, 959, 671
