1182, 196, 1181, 143, 1218, 142, 1219, 195
1063, 226, 1052, 179, 1168, 153, 1178, 199
1023, 235, 1018, 193, 1053, 188, 1059, 231
1213, 249, 1210, 197, 1256, 194, 1259, 247
1060, 277, 1052, 227, 1197, 204, 1205, 254
1015, 285, 1008, 244, 1053, 237, 1059, 277
1096, 328, 1089, 277, 1224, 260, 1231, 311
451, 296, 396, 293, 396, 280, 452, 282
1043, 331, 1038, 287, 1086, 281, 1091, 325
1155, 359, 1153, 331, 1209, 328, 1211, 357
1167, 392, 1167, 360, 1285, 359, 1285, 390
1136, 392, 1135, 367, 1168, 365, 1169, 390
