230, 158, 138, 151, 141, 108, 234, 115
413, 181, 275, 165, 280, 124, 418, 141
253, 201, 139, 194, 141, 151, 256, 158
374, 209, 258, 201, 261, 159, 377, 166
378, 209, 378, 175, 414, 175, 414, 209
226, 248, 133, 245, 134, 227, 227, 230
134, 284, 134, 268, 178, 268, 178, 284
178, 284, 178, 268, 237, 268, 237, 284
134, 319, 134, 304, 205, 304, 205, 319
229, 329, 228, 312, 268, 311, 269, 328
183, 331, 182, 314, 228, 313, 229, 330
134, 333, 133, 318, 182, 316, 182, 331
209, 368, 208, 352, 273, 347, 274, 363
186, 369, 186, 353, 208, 353, 208, 369
133, 372, 132, 356, 178, 353, 179, 369
359, 395, 358, 383, 390, 381, 390, 393
305, 404, 303, 388, 358, 383, 360, 399
212, 405, 210, 389, 278, 382, 279, 399
396, 403, 393, 383, 418, 379, 420, 399
341, 411, 339, 396, 395, 390, 396, 404
133, 412, 131, 394, 211, 387, 212, 405
346, 443, 344, 428, 419, 417, 421, 432
134, 453, 131, 434, 226, 422, 229, 441
327, 480, 324, 465, 387, 453, 390, 469
193, 483, 191, 467, 232, 461, 234, 477
301, 485, 298, 471, 326, 467, 328, 481
134, 491, 132, 475, 187, 468, 189, 484
195, 521, 192, 506, 230, 499, 232, 515
135, 532, 132, 514, 192, 504, 195, 522
169, 561, 165, 543, 253, 525, 256, 543
135, 567, 133, 551, 164, 547, 166, 562
