1320, 120, 1319, 106, 1348, 103, 1350, 116
1290, 124, 1288, 109, 1319, 106, 1321, 120
1094, 146, 1093, 131, 1124, 129, 1125, 144
526, 149, 526, 131, 556, 131, 556, 149
495, 154, 494, 139, 526, 135, 527, 150
473, 156, 472, 141, 494, 139, 496, 154
1104, 156, 1104, 142, 1140, 141, 1141, 155
440, 160, 439, 145, 473, 143, 473, 158
1081, 161, 1078, 146, 1103, 142, 1105, 157
379, 169, 376, 154, 439, 145, 441, 160
265, 183, 262, 158, 373, 145, 375, 170
1083, 173, 1082, 157, 1139, 152, 1140, 168
1096, 184, 1095, 171, 1126, 169, 1126, 182
1016, 212, 1013, 186, 1075, 181, 1077, 207
191, 306, 190, 284, 251, 282, 251, 304
240, 412, 199, 410, 200, 389, 241, 391
250, 522, 192, 519, 193, 496, 251, 499
