814, 83, 800, 49, 929, -4, 943, 28
1082, 102, 1070, 71, 1143, 42, 1155, 73
1050, 102, 1050, 73, 1074, 73, 1074, 102
1004, 119, 997, 92, 1043, 79, 1050, 106
1079, 139, 1071, 102, 1175, 77, 1184, 114
1006, 157, 1001, 122, 1074, 111, 1080, 145
1150, 220, 1146, 190, 1192, 185, 1195, 215
1054, 231, 1050, 196, 1142, 186, 1145, 222
1002, 238, 999, 213, 1049, 208, 1051, 232
1182, 268, 1178, 222, 1357, 208, 1360, 255
1085, 270, 1083, 230, 1180, 226, 1182, 265
1001, 275, 999, 244, 1081, 239, 1083, 270
992, 441, 800, 423, 810, 312, 1002, 330
1150, 364, 1054, 355, 1057, 320, 1153, 328
1056, 355, 1003, 354, 1004, 327, 1057, 329
1356, 377, 1240, 372, 1242, 337, 1357, 342
1089, 401, 1031, 396, 1034, 364, 1092, 369
1180, 412, 1088, 402, 1092, 369, 1184, 378
1134, 521, 1033, 493, 1040, 467, 1141, 495
1292, 569, 1135, 528, 1144, 493, 1302, 535
940, 566, 881, 546, 889, 522, 948, 541
927, 696, 817, 628, 834, 600, 944, 668
