1172, 205, 1172, 152, 1207, 152, 1207, 205
1050, 236, 1039, 190, 1157, 163, 1167, 209
1010, 246, 1005, 204, 1041, 200, 1045, 242
1201, 255, 1198, 204, 1244, 201, 1247, 253
1047, 286, 1039, 237, 1185, 213, 1193, 261
999, 294, 993, 255, 1037, 248, 1043, 287
1080, 332, 1074, 283, 1211, 267, 1216, 316
1028, 337, 1023, 295, 1070, 290, 1075, 331
1138, 364, 1136, 337, 1193, 333, 1195, 360
1113, 364, 1113, 340, 1136, 340, 1136, 364
1150, 394, 1149, 364, 1268, 361, 1269, 391
1119, 395, 1117, 371, 1150, 369, 1151, 393
