1209, 258, 1205, 231, 1311, 217, 1314, 244
1069, 278, 1065, 237, 1202, 224, 1206, 265
1013, 282, 1009, 246, 1061, 241, 1065, 277
1157, 316, 1155, 293, 1217, 287, 1220, 310
1064, 320, 1063, 299, 1154, 295, 1155, 316
1041, 321, 1039, 306, 1063, 303, 1064, 318
1082, 348, 1082, 332, 1108, 332, 1108, 348
1209, 353, 1167, 350, 1169, 328, 1211, 332
1164, 350, 1111, 349, 1111, 330, 1165, 331
1312, 388, 1250, 384, 1251, 368, 1313, 372
1121, 447, 1065, 444, 1066, 428, 1122, 431
1121, 450, 1121, 433, 1183, 433, 1183, 450
1187, 452, 1187, 435, 1225, 435, 1225, 452
1257, 455, 1227, 454, 1227, 437, 1258, 439
