164, 114, 52, 62, 69, 26, 180, 79
896, 132, 878, 92, 926, 71, 944, 110
822, 169, 802, 128, 884, 89, 903, 129
328, 241, 328, 223, 370, 223, 370, 241
276, 243, 276, 225, 328, 225, 328, 243
234, 245, 233, 228, 275, 224, 277, 241
277, 259, 277, 243, 364, 243, 364, 259
245, 262, 244, 246, 276, 243, 277, 259
293, 287, 293, 267, 360, 267, 360, 287
252, 288, 251, 270, 292, 268, 293, 286
286, 306, 285, 287, 368, 282, 369, 300
242, 306, 242, 289, 285, 287, 286, 304
305, 329, 305, 312, 351, 311, 351, 328
236, 333, 235, 314, 305, 311, 306, 329
108, 337, 107, 320, 153, 318, 154, 335
301, 346, 301, 328, 344, 328, 344, 346
247, 349, 247, 330, 302, 330, 302, 349
168, 374, 166, 352, 191, 349, 194, 371
140, 379, 138, 354, 166, 351, 169, 376
109, 387, 104, 359, 138, 354, 142, 381
286, 375, 285, 358, 332, 355, 333, 373
231, 379, 229, 361, 285, 357, 286, 375
