983, 148, 971, 105, 1045, 85, 1057, 128
1171, 192, 1162, 140, 1298, 115, 1308, 167
989, 196, 979, 154, 1047, 138, 1057, 179
1187, 241, 1180, 206, 1296, 184, 1302, 219
941, 217, 941, 200, 974, 200, 974, 217
1025, 228, 1022, 209, 1067, 200, 1071, 220
976, 238, 973, 219, 1015, 212, 1018, 230
1314, 443, 1199, 441, 1199, 416, 1314, 419
1092, 688, 1038, 674, 1043, 658, 1096, 672
1091, 703, 1035, 690, 1038, 674, 1095, 687
1069, 748, 979, 723, 985, 703, 1075, 728
1329, 791, 1225, 769, 1234, 727, 1338, 749
