1094, 241, 1094, 227, 1124, 227, 1124, 241
787, 292, 787, 252, 950, 249, 950, 289
903, 311, 903, 297, 959, 297, 959, 311
856, 310, 856, 298, 904, 298, 904, 310
301, 333, 219, 325, 223, 291, 304, 299
814, 341, 813, 328, 843, 327, 844, 340
831, 370, 831, 358, 864, 358, 864, 370
897, 370, 864, 370, 864, 358, 897, 358
478, 394, 478, 357, 542, 357, 542, 394
921, 390, 921, 376, 972, 376, 972, 390
847, 391, 847, 378, 899, 378, 899, 391
792, 438, 788, 413, 834, 404, 838, 430
1077, 462, 1077, 407, 1261, 407, 1261, 462
1017, 438, 1017, 418, 1032, 418, 1032, 438
872, 433, 824, 431, 824, 419, 872, 421
1017, 466, 1017, 438, 1033, 438, 1033, 466
1080, 494, 1080, 459, 1261, 458, 1261, 493
1031, 491, 1017, 489, 1019, 466, 1034, 467
395, 508, 395, 494, 424, 494, 424, 508
378, 719, 199, 716, 199, 692, 379, 695
