84, 304, 40, 303, 41, 273, 85, 274
142, 307, 90, 305, 91, 275, 143, 277
1335, 333, 1335, 307, 1379, 307, 1379, 333
134, 339, 38, 337, 38, 305, 135, 308
138, 340, 138, 311, 194, 311, 194, 340
1337, 362, 1337, 331, 1379, 331, 1379, 362
36, 373, 36, 343, 87, 343, 87, 373
90, 372, 90, 342, 162, 342, 162, 372
174, 419, 173, 398, 238, 394, 239, 415
88, 425, 86, 401, 173, 395, 175, 419
45, 427, 43, 405, 87, 402, 88, 424
119, 443, 119, 423, 158, 422, 158, 442
69, 448, 67, 427, 119, 423, 121, 444
39, 450, 37, 430, 68, 429, 69, 448
