224, 168, 130, 164, 131, 121, 225, 124
411, 183, 272, 172, 275, 133, 414, 145
246, 209, 131, 205, 132, 162, 247, 165
370, 214, 253, 209, 255, 167, 371, 172
375, 213, 375, 180, 411, 180, 411, 213
123, 256, 123, 239, 219, 239, 219, 256
169, 292, 169, 277, 229, 277, 229, 292
123, 294, 123, 278, 168, 278, 168, 294
123, 327, 123, 312, 196, 312, 196, 327
220, 336, 219, 318, 260, 315, 261, 333
173, 338, 172, 321, 219, 319, 220, 336
122, 342, 121, 328, 172, 324, 173, 339
200, 374, 198, 358, 263, 352, 265, 368
176, 376, 175, 360, 197, 358, 198, 374
122, 380, 120, 364, 170, 359, 171, 376
351, 396, 350, 383, 412, 377, 413, 389
296, 406, 294, 389, 351, 383, 353, 400
202, 410, 200, 394, 269, 385, 271, 402
346, 409, 345, 395, 388, 391, 390, 405
121, 419, 119, 401, 200, 392, 202, 411
340, 443, 337, 428, 412, 414, 415, 429
121, 458, 119, 440, 216, 426, 218, 444
382, 465, 379, 452, 411, 447, 413, 460
318, 480, 315, 465, 379, 452, 382, 466
182, 486, 179, 471, 221, 463, 224, 479
121, 496, 119, 481, 165, 473, 168, 489
183, 523, 180, 508, 218, 501, 221, 516
122, 535, 119, 519, 181, 508, 184, 524
157, 563, 153, 545, 242, 525, 246, 543
