1188, 102, 1178, 57, 1308, 28, 1318, 73
764, 97, 763, 75, 818, 74, 819, 96
864, 100, 817, 97, 818, 76, 865, 78
759, 127, 759, 109, 803, 109, 803, 127
728, 129, 727, 112, 759, 109, 760, 127
807, 128, 807, 112, 839, 112, 839, 128
995, 152, 989, 123, 1043, 110, 1050, 138
797, 147, 797, 129, 847, 129, 847, 147
1169, 193, 1165, 162, 1237, 153, 1241, 185
752, 227, 752, 200, 821, 200, 821, 227
821, 226, 821, 200, 883, 200, 883, 226
822, 303, 822, 277, 885, 277, 885, 303
762, 310, 760, 283, 822, 277, 824, 304
788, 377, 787, 357, 876, 353, 877, 373
766, 398, 765, 377, 890, 370, 891, 391
