1102, 221, 1102, 210, 1130, 210, 1130, 221
790, 275, 789, 235, 953, 231, 954, 272
907, 293, 907, 280, 962, 280, 962, 293
305, 318, 226, 310, 229, 280, 308, 287
899, 351, 866, 351, 866, 340, 899, 340
832, 351, 832, 340, 866, 340, 866, 351
480, 377, 477, 343, 542, 338, 544, 372
923, 371, 923, 357, 975, 357, 975, 371
849, 372, 849, 360, 901, 360, 901, 372
792, 406, 791, 393, 836, 391, 837, 404
1083, 441, 1082, 387, 1267, 384, 1267, 438
1083, 473, 1083, 438, 1267, 437, 1267, 471
395, 490, 395, 477, 423, 477, 423, 490
372, 699, 190, 693, 191, 670, 373, 676
