1339, 370, 1251, 367, 1252, 330, 1341, 333
1229, 427, 1198, 421, 1200, 405, 1232, 411
1266, 431, 1229, 426, 1232, 410, 1269, 415
1308, 437, 1266, 431, 1269, 413, 1310, 418
1308, 438, 1308, 420, 1339, 420, 1339, 438
1226, 443, 1193, 436, 1197, 420, 1230, 427
1264, 448, 1227, 442, 1229, 426, 1266, 431
1303, 453, 1263, 448, 1266, 431, 1305, 436
1336, 456, 1307, 454, 1308, 439, 1337, 441
1224, 472, 1187, 466, 1191, 445, 1228, 451
1285, 485, 1227, 475, 1231, 450, 1289, 460
1340, 497, 1290, 486, 1294, 462, 1345, 472
