998, 135, 987, 95, 1053, 77, 1064, 116
1179, 174, 1169, 127, 1298, 98, 1308, 146
1001, 181, 991, 142, 1057, 125, 1067, 163
1195, 220, 1188, 187, 1298, 164, 1305, 197
956, 202, 956, 186, 989, 186, 989, 202
1039, 210, 1036, 192, 1079, 184, 1083, 202
991, 221, 987, 204, 1029, 194, 1033, 212
1328, 411, 1216, 410, 1216, 387, 1329, 388
1121, 659, 1066, 647, 1070, 631, 1124, 643
1122, 675, 1063, 664, 1066, 646, 1126, 658
1102, 721, 1010, 698, 1015, 677, 1107, 700
1361, 755, 1257, 740, 1264, 691, 1368, 706
