1339, 114, 1337, 98, 1373, 94, 1374, 110
1305, 119, 1303, 104, 1337, 100, 1339, 115
1096, 142, 1095, 127, 1127, 125, 1128, 140
485, 153, 483, 136, 544, 130, 545, 147
1106, 153, 1105, 138, 1145, 136, 1146, 152
1081, 158, 1079, 142, 1104, 138, 1107, 153
430, 159, 429, 145, 460, 141, 462, 155
369, 168, 367, 153, 429, 145, 431, 159
260, 182, 257, 158, 363, 145, 366, 169
1084, 169, 1083, 154, 1143, 150, 1144, 165
1098, 179, 1098, 166, 1129, 166, 1129, 179
1014, 208, 1012, 181, 1076, 178, 1077, 205
186, 299, 186, 278, 245, 277, 246, 298
194, 401, 194, 380, 234, 380, 234, 401
186, 508, 186, 486, 242, 486, 242, 508
