216, 147, 121, 141, 124, 96, 219, 101
406, 166, 263, 151, 267, 111, 410, 126
243, 191, 125, 185, 128, 140, 245, 146
366, 198, 249, 191, 251, 148, 369, 155
371, 197, 371, 163, 407, 163, 407, 197
124, 239, 124, 221, 219, 221, 219, 239
173, 278, 173, 261, 232, 261, 232, 278
127, 279, 127, 261, 172, 261, 172, 279
129, 314, 129, 298, 201, 298, 201, 314
227, 325, 226, 308, 266, 305, 267, 321
180, 326, 179, 308, 226, 306, 227, 324
130, 329, 129, 313, 179, 311, 180, 326
209, 363, 207, 347, 273, 342, 274, 358
186, 365, 185, 349, 208, 348, 209, 363
132, 369, 131, 352, 180, 349, 181, 366
361, 390, 360, 377, 422, 370, 424, 383
308, 398, 306, 382, 360, 377, 362, 393
214, 402, 212, 385, 280, 376, 283, 393
356, 403, 354, 389, 398, 384, 400, 398
134, 410, 132, 391, 212, 383, 214, 402
352, 438, 349, 423, 424, 410, 427, 426
138, 451, 135, 432, 230, 418, 233, 437
397, 462, 394, 448, 425, 443, 428, 458
335, 476, 332, 460, 395, 447, 398, 463
200, 481, 197, 464, 239, 457, 241, 474
309, 481, 306, 467, 333, 461, 336, 476
141, 490, 138, 473, 183, 466, 185, 483
204, 519, 201, 503, 238, 496, 241, 512
145, 531, 141, 513, 202, 502, 205, 520
180, 560, 176, 541, 264, 522, 268, 540
147, 566, 144, 551, 178, 545, 181, 560
148, 579, 145, 565, 182, 557, 185, 572
