1297, 186, 1294, 165, 1356, 156, 1359, 177
1304, 199, 1302, 182, 1349, 176, 1352, 193
711, 257, 706, 223, 721, 220, 726, 254
528, 278, 522, 234, 561, 230, 567, 273
509, 281, 504, 244, 524, 241, 529, 279
729, 293, 721, 243, 734, 241, 742, 291
718, 299, 712, 256, 724, 254, 730, 297
554, 317, 546, 272, 567, 269, 574, 313
531, 299, 528, 277, 549, 274, 552, 296
733, 319, 728, 292, 741, 290, 746, 317
527, 389, 512, 297, 532, 294, 547, 385
537, 328, 533, 311, 554, 306, 558, 322
563, 382, 551, 317, 573, 313, 585, 379
539, 346, 535, 327, 556, 322, 560, 341
249, 382, 246, 321, 320, 317, 323, 377
543, 385, 538, 345, 558, 342, 564, 383
