995, 209, 965, 175, 1066, 88, 1095, 122
672, 155, 671, 141, 699, 139, 700, 152
700, 153, 700, 140, 732, 139, 732, 152
310, 217, 247, 174, 266, 145, 330, 187
639, 208, 639, 160, 765, 159, 766, 207
649, 240, 647, 204, 765, 197, 767, 233
651, 277, 651, 255, 694, 254, 694, 275
762, 305, 696, 304, 697, 277, 762, 278
645, 311, 643, 282, 692, 278, 695, 306
770, 342, 727, 338, 729, 310, 773, 314
647, 341, 646, 313, 727, 311, 728, 339
689, 422, 689, 410, 753, 409, 753, 420
658, 466, 658, 455, 717, 455, 717, 466
