1150, 81, 1139, 35, 1282, 1, 1293, 47
715, 84, 714, 62, 769, 60, 770, 82
824, 88, 768, 84, 769, 61, 826, 65
709, 115, 709, 97, 755, 97, 755, 115
758, 115, 758, 98, 790, 98, 790, 115
679, 117, 677, 100, 710, 98, 711, 115
950, 137, 942, 107, 998, 93, 1005, 123
799, 136, 747, 134, 748, 115, 799, 117
1128, 178, 1124, 145, 1201, 136, 1206, 169
771, 216, 771, 189, 834, 189, 834, 216
703, 218, 703, 190, 771, 190, 771, 218
782, 296, 781, 270, 836, 266, 838, 293
713, 303, 711, 276, 764, 271, 767, 298
738, 372, 738, 351, 825, 347, 826, 368
717, 393, 716, 373, 840, 364, 841, 385
