791, 204, 789, 188, 825, 184, 827, 200
757, 206, 756, 189, 790, 187, 792, 203
610, 220, 609, 188, 673, 186, 674, 218
703, 210, 703, 196, 741, 195, 741, 209
529, 243, 529, 203, 584, 203, 584, 243
757, 226, 756, 210, 793, 209, 793, 225
674, 249, 587, 246, 589, 200, 676, 204
702, 246, 702, 230, 742, 230, 742, 246
754, 269, 754, 251, 826, 251, 826, 269
740, 284, 700, 281, 701, 267, 741, 271
679, 320, 635, 313, 639, 289, 683, 295
683, 349, 626, 341, 630, 311, 687, 318
667, 361, 642, 359, 644, 341, 668, 344
