269, 144, 50, 125, 54, 76, 274, 94
137, 158, 78, 155, 79, 127, 139, 130
274, 170, 141, 164, 142, 132, 276, 138
297, 422, 294, 378, 459, 365, 462, 409
57, 452, 52, 407, 287, 379, 292, 424
419, 442, 417, 421, 461, 418, 463, 438
352, 452, 349, 426, 409, 419, 412, 445
309, 459, 305, 434, 345, 428, 349, 453
420, 457, 419, 438, 463, 436, 464, 454
231, 470, 227, 441, 302, 431, 306, 460
176, 478, 172, 449, 221, 443, 225, 472
422, 473, 420, 456, 464, 450, 466, 467
113, 488, 110, 457, 171, 450, 174, 480
371, 482, 369, 467, 412, 461, 414, 476
58, 494, 56, 466, 104, 463, 106, 491
305, 497, 302, 481, 330, 476, 333, 492
284, 499, 281, 485, 303, 481, 305, 496
354, 551, 352, 540, 399, 529, 402, 540
