1146, 436, 1145, 410, 1207, 407, 1209, 432
1084, 440, 1083, 415, 1147, 412, 1148, 436
1175, 461, 1174, 438, 1246, 435, 1247, 458
1135, 461, 1134, 443, 1175, 442, 1176, 459
1093, 462, 1093, 444, 1135, 443, 1135, 461
1059, 464, 1058, 446, 1092, 444, 1093, 461
1105, 502, 1105, 480, 1129, 480, 1129, 502
1153, 507, 1153, 479, 1247, 478, 1248, 506
1066, 532, 1066, 519, 1118, 519, 1118, 532
1142, 540, 1142, 523, 1206, 523, 1206, 540
1263, 541, 1206, 538, 1207, 521, 1264, 524
1168, 554, 1117, 553, 1117, 537, 1169, 538
1204, 557, 1168, 555, 1169, 538, 1205, 540
