826, 84, 813, 51, 938, 0, 951, 32
1093, 101, 1080, 70, 1154, 41, 1167, 72
1061, 102, 1061, 72, 1084, 72, 1084, 102
1014, 118, 1007, 92, 1053, 79, 1061, 105
1089, 137, 1080, 100, 1185, 75, 1194, 112
1015, 156, 1010, 121, 1084, 109, 1090, 143
1157, 217, 1154, 187, 1201, 182, 1203, 212
1061, 228, 1058, 193, 1149, 184, 1153, 219
1010, 236, 1006, 212, 1056, 205, 1060, 229
1189, 265, 1186, 219, 1361, 206, 1365, 252
1091, 267, 1089, 228, 1185, 224, 1187, 263
1008, 273, 1005, 242, 1088, 237, 1090, 268
1153, 360, 1059, 352, 1062, 316, 1156, 324
994, 438, 807, 425, 814, 315, 1002, 327
1008, 353, 1008, 325, 1059, 325, 1059, 353
1359, 371, 1244, 367, 1246, 333, 1360, 337
1091, 397, 1035, 394, 1037, 360, 1093, 364
1182, 406, 1091, 399, 1094, 367, 1184, 374
1134, 515, 1027, 488, 1034, 462, 1141, 489
1287, 564, 1135, 520, 1144, 487, 1297, 531
939, 561, 880, 541, 888, 516, 947, 536
872, 662, 812, 620, 830, 592, 891, 634
922, 685, 864, 652, 879, 625, 937, 658
