1280, 192, 1277, 172, 1336, 164, 1339, 184
1288, 206, 1285, 190, 1330, 182, 1332, 199
720, 272, 714, 220, 730, 218, 736, 270
538, 276, 532, 230, 571, 225, 577, 271
519, 278, 514, 237, 534, 234, 539, 276
736, 293, 728, 240, 741, 238, 749, 291
560, 288, 558, 270, 576, 267, 579, 285
522, 296, 520, 278, 538, 276, 540, 294
540, 296, 538, 275, 559, 273, 561, 294
563, 315, 560, 286, 579, 284, 583, 313
729, 320, 729, 292, 751, 292, 751, 320
536, 391, 522, 296, 560, 291, 573, 386
543, 311, 540, 295, 560, 291, 563, 308
548, 346, 543, 310, 565, 307, 570, 343
571, 385, 561, 316, 583, 313, 593, 381
253, 383, 252, 315, 331, 314, 332, 381
