1144, 435, 1142, 408, 1204, 404, 1206, 431
1082, 439, 1081, 413, 1145, 411, 1146, 436
1173, 460, 1171, 437, 1241, 433, 1243, 456
1133, 460, 1132, 443, 1172, 440, 1173, 458
1091, 461, 1091, 443, 1134, 442, 1134, 460
1058, 464, 1057, 446, 1091, 444, 1092, 461
1104, 502, 1104, 481, 1128, 481, 1128, 502
1152, 507, 1151, 478, 1243, 476, 1243, 506
1066, 534, 1066, 520, 1117, 520, 1117, 534
1130, 542, 1130, 523, 1205, 523, 1205, 542
1261, 541, 1204, 538, 1205, 522, 1262, 524
1167, 556, 1116, 554, 1117, 538, 1168, 540
1204, 558, 1167, 556, 1168, 539, 1205, 541
