1168, 92, 1157, 47, 1292, 14, 1304, 59
845, 103, 788, 98, 790, 76, 847, 81
736, 100, 735, 78, 790, 77, 791, 99
779, 129, 779, 113, 810, 113, 810, 129
970, 150, 962, 120, 1017, 106, 1025, 136
730, 131, 730, 113, 775, 113, 775, 131
700, 134, 698, 117, 730, 114, 732, 131
855, 132, 825, 130, 826, 114, 856, 116
767, 150, 767, 132, 819, 132, 819, 150
1146, 189, 1141, 157, 1218, 146, 1223, 178
792, 232, 792, 205, 854, 205, 854, 232
723, 234, 723, 207, 792, 205, 792, 232
802, 311, 801, 285, 856, 284, 857, 310
733, 320, 730, 294, 788, 287, 791, 313
758, 388, 757, 367, 846, 363, 847, 384
735, 411, 733, 389, 860, 380, 861, 402
