1298, 142, 1296, 127, 1329, 123, 1331, 138
1268, 144, 1267, 131, 1297, 128, 1299, 141
1072, 166, 1072, 151, 1102, 151, 1102, 166
518, 171, 517, 154, 546, 151, 547, 168
489, 173, 487, 158, 517, 155, 519, 169
1083, 177, 1082, 163, 1119, 161, 1120, 176
436, 178, 435, 165, 465, 163, 466, 177
1059, 181, 1057, 166, 1082, 163, 1084, 178
377, 187, 375, 172, 434, 165, 436, 179
270, 200, 267, 177, 371, 165, 374, 188
1064, 193, 1062, 178, 1118, 173, 1119, 188
1076, 203, 1075, 191, 1105, 189, 1106, 202
998, 229, 997, 204, 1057, 201, 1058, 227
204, 314, 204, 295, 261, 295, 261, 314
255, 415, 217, 413, 217, 394, 256, 396
215, 518, 215, 495, 270, 495, 270, 518
