1012, 161, 1002, 120, 1076, 102, 1086, 143
1199, 206, 1191, 157, 1322, 135, 1330, 184
1019, 206, 1010, 167, 1074, 153, 1082, 192
1213, 251, 1208, 218, 1317, 200, 1323, 233
973, 226, 973, 210, 1005, 210, 1005, 226
1056, 237, 1053, 219, 1097, 212, 1100, 230
1007, 245, 1004, 227, 1045, 221, 1048, 239
1332, 440, 1221, 437, 1221, 413, 1333, 415
1118, 662, 1066, 650, 1069, 636, 1121, 648
1117, 677, 1062, 664, 1066, 649, 1121, 662
1097, 719, 1007, 695, 1012, 675, 1103, 699
1341, 754, 1246, 739, 1253, 697, 1348, 712
