277, 167, 46, 147, 50, 98, 281, 118
137, 181, 77, 176, 79, 151, 139, 156
279, 191, 141, 180, 143, 152, 282, 163
300, 435, 298, 394, 470, 382, 473, 423
44, 466, 40, 423, 289, 395, 294, 438
427, 453, 426, 436, 470, 432, 471, 450
357, 465, 353, 439, 415, 431, 418, 457
310, 472, 307, 448, 350, 442, 353, 466
428, 470, 427, 451, 471, 448, 473, 467
228, 483, 224, 455, 304, 445, 308, 473
172, 491, 169, 462, 218, 457, 221, 485
430, 483, 428, 467, 471, 462, 473, 478
104, 501, 101, 472, 165, 464, 169, 493
376, 495, 373, 479, 419, 472, 421, 487
46, 509, 43, 481, 94, 475, 97, 502
306, 507, 305, 491, 333, 489, 334, 505
283, 510, 281, 496, 304, 493, 306, 508
355, 561, 352, 550, 404, 540, 406, 551
