1080, 81, 1006, 75, 1008, 50, 1082, 56
1141, 86, 1082, 81, 1084, 59, 1143, 64
173, 316, 173, 116, 297, 116, 297, 316
606, 316, 603, 131, 685, 130, 688, 314
386, 171, 385, 147, 447, 144, 448, 169
388, 258, 381, 172, 515, 161, 522, 248
519, 221, 519, 166, 571, 166, 571, 221
522, 248, 522, 220, 572, 220, 572, 248
395, 325, 387, 258, 574, 237, 582, 304
583, 356, 579, 326, 649, 317, 653, 347
519, 365, 514, 337, 580, 325, 585, 353
357, 392, 353, 359, 465, 345, 470, 378
595, 375, 590, 352, 624, 344, 630, 367
518, 390, 513, 365, 591, 350, 596, 375
246, 416, 240, 380, 351, 360, 358, 396
313, 431, 307, 399, 413, 377, 420, 409
233, 503, 225, 443, 361, 425, 369, 485
