816, 264, 816, 243, 851, 242, 852, 263
1101, 295, 1092, 265, 1180, 241, 1189, 272
984, 287, 981, 268, 1016, 263, 1019, 282
941, 292, 939, 273, 983, 269, 985, 288
1015, 316, 1010, 293, 1072, 279, 1077, 303
469, 363, 166, 348, 169, 277, 472, 291
803, 323, 802, 309, 845, 304, 846, 319
1114, 382, 1110, 352, 1197, 339, 1202, 370
1123, 412, 1119, 380, 1207, 367, 1211, 400
383, 408, 382, 380, 477, 377, 478, 404
1122, 441, 1120, 406, 1212, 400, 1214, 435
1027, 440, 1027, 413, 1121, 411, 1121, 438
1224, 496, 1126, 489, 1129, 454, 1226, 461
