740, 193, 739, 177, 774, 174, 775, 190
705, 196, 703, 181, 739, 177, 740, 193
559, 214, 556, 184, 618, 178, 620, 208
643, 201, 643, 186, 689, 185, 689, 200
720, 214, 720, 198, 742, 198, 742, 214
478, 238, 475, 200, 533, 195, 536, 233
570, 239, 569, 208, 622, 207, 623, 237
692, 236, 650, 235, 651, 218, 692, 220
715, 235, 692, 235, 692, 220, 715, 220
555, 237, 555, 211, 571, 211, 571, 237
705, 257, 705, 238, 778, 238, 778, 257
675, 272, 649, 268, 651, 255, 677, 258
631, 308, 585, 301, 589, 275, 635, 283
636, 336, 578, 330, 581, 299, 639, 305
