1319, 126, 1317, 110, 1350, 106, 1352, 122
1288, 130, 1287, 115, 1318, 113, 1319, 128
1090, 153, 1090, 138, 1121, 138, 1121, 153
528, 162, 526, 145, 556, 141, 558, 158
497, 164, 495, 149, 526, 146, 528, 160
1100, 164, 1100, 150, 1137, 149, 1138, 163
1077, 168, 1075, 152, 1100, 150, 1101, 166
442, 171, 441, 156, 473, 153, 475, 167
382, 180, 380, 165, 441, 156, 443, 171
271, 195, 268, 170, 374, 156, 378, 181
1080, 181, 1079, 165, 1136, 160, 1137, 176
1093, 191, 1093, 178, 1123, 178, 1123, 191
1013, 219, 1011, 193, 1072, 190, 1073, 215
201, 315, 201, 294, 259, 293, 259, 314
251, 419, 211, 417, 212, 397, 252, 398
207, 527, 207, 504, 263, 504, 263, 527
