478, 214, 478, 191, 529, 191, 530, 213
336, 216, 336, 198, 360, 198, 360, 216
391, 214, 391, 197, 421, 197, 421, 214
421, 213, 421, 197, 447, 197, 447, 213
360, 215, 360, 198, 389, 198, 389, 215
541, 248, 540, 229, 596, 226, 596, 246
242, 247, 242, 232, 299, 231, 299, 245
489, 252, 488, 233, 529, 231, 531, 250
299, 264, 298, 243, 361, 240, 362, 262
243, 266, 242, 246, 299, 244, 300, 264
1131, 372, 1127, 331, 1230, 322, 1234, 363
1127, 400, 1127, 369, 1223, 369, 1223, 400
835, 706, 746, 692, 752, 657, 841, 672
