626, 273, 623, 248, 703, 236, 707, 261
207, 266, 207, 247, 277, 247, 277, 266
277, 266, 277, 248, 327, 248, 327, 266
212, 283, 212, 266, 253, 266, 253, 283
253, 282, 252, 264, 293, 263, 294, 280
325, 282, 293, 280, 294, 266, 326, 268
95, 322, 95, 277, 147, 277, 147, 322
251, 297, 251, 279, 314, 279, 314, 297
232, 315, 231, 298, 303, 294, 304, 312
638, 331, 636, 310, 684, 305, 686, 326
236, 356, 234, 326, 305, 321, 307, 352
640, 352, 638, 330, 686, 325, 688, 347
641, 373, 638, 352, 689, 347, 691, 368
239, 383, 237, 355, 306, 350, 309, 377
814, 631, 510, 601, 514, 563, 818, 593
567, 639, 496, 627, 498, 611, 569, 622
621, 646, 566, 639, 568, 623, 623, 629
652, 652, 619, 645, 622, 628, 655, 634
717, 661, 651, 652, 653, 633, 719, 642
