1212, 262, 1209, 234, 1313, 220, 1317, 247
1073, 281, 1069, 242, 1205, 228, 1209, 268
1017, 285, 1014, 251, 1065, 247, 1068, 280
1160, 316, 1158, 293, 1223, 288, 1224, 311
1069, 321, 1068, 302, 1159, 297, 1160, 316
1045, 322, 1044, 308, 1067, 305, 1069, 319
1086, 347, 1086, 332, 1113, 332, 1113, 347
1115, 348, 1115, 330, 1170, 330, 1170, 348
1214, 351, 1172, 348, 1173, 329, 1215, 331
1103, 377, 1048, 374, 1048, 361, 1104, 364
1153, 379, 1105, 377, 1105, 362, 1153, 365
1183, 380, 1155, 377, 1157, 363, 1185, 366
1256, 381, 1256, 366, 1315, 366, 1315, 381
1043, 438, 1043, 424, 1072, 424, 1072, 438
1128, 441, 1072, 439, 1073, 423, 1128, 425
1189, 444, 1127, 443, 1127, 427, 1189, 429
1192, 446, 1192, 430, 1231, 430, 1231, 446
1233, 447, 1233, 432, 1263, 432, 1263, 447
