628, 123, 628, 104, 678, 104, 678, 123
581, 128, 579, 110, 623, 105, 626, 123
302, 239, 225, 219, 235, 182, 312, 201
73, 230, 70, 206, 130, 199, 133, 224
1160, 250, 1159, 232, 1188, 231, 1189, 248
630, 263, 629, 237, 698, 234, 699, 261
572, 269, 569, 243, 628, 237, 631, 262
1248, 298, 1244, 267, 1295, 259, 1300, 290
68, 310, 66, 290, 127, 287, 129, 307
65, 324, 64, 309, 129, 306, 130, 321
639, 366, 637, 339, 704, 334, 706, 360
581, 373, 577, 350, 636, 342, 640, 365
1263, 407, 1263, 377, 1314, 377, 1314, 407
