158, 134, 44, 81, 61, 46, 175, 100
889, 137, 870, 98, 916, 76, 935, 114
815, 175, 796, 136, 877, 98, 895, 137
326, 256, 326, 238, 369, 238, 369, 256
276, 259, 275, 239, 326, 238, 327, 258
234, 259, 234, 242, 275, 241, 276, 258
277, 275, 277, 258, 363, 256, 364, 273
246, 276, 245, 260, 277, 259, 278, 275
294, 302, 293, 284, 360, 280, 361, 298
254, 304, 253, 286, 293, 284, 294, 301
289, 319, 288, 301, 370, 297, 371, 315
245, 320, 245, 301, 288, 301, 288, 320
309, 343, 308, 326, 352, 324, 354, 340
241, 347, 240, 328, 308, 326, 308, 344
114, 354, 113, 338, 159, 333, 161, 350
306, 359, 306, 342, 345, 342, 345, 359
253, 363, 252, 346, 306, 344, 306, 361
176, 389, 173, 366, 198, 364, 201, 387
149, 393, 146, 370, 174, 367, 177, 390
292, 388, 291, 371, 346, 368, 347, 385
120, 401, 116, 375, 146, 370, 150, 396
238, 392, 237, 375, 291, 371, 292, 388
