651, 302, 650, 273, 744, 271, 744, 300
825, 298, 793, 296, 794, 281, 825, 283
852, 296, 852, 283, 876, 283, 876, 296
886, 295, 886, 283, 921, 283, 921, 295
921, 296, 921, 284, 951, 284, 951, 296
825, 298, 825, 284, 852, 284, 852, 298
539, 327, 539, 280, 560, 280, 560, 327
407, 327, 407, 278, 539, 278, 539, 327
850, 310, 850, 296, 877, 296, 877, 310
899, 309, 899, 297, 926, 297, 926, 309
820, 311, 820, 297, 850, 297, 850, 311
794, 311, 794, 299, 821, 299, 821, 311
652, 328, 651, 300, 748, 298, 748, 326
794, 325, 793, 311, 822, 310, 823, 324
856, 324, 822, 323, 822, 310, 857, 311
856, 323, 856, 311, 886, 311, 886, 323
821, 339, 793, 338, 793, 325, 822, 327
885, 338, 885, 326, 925, 326, 925, 338
613, 392, 612, 368, 688, 367, 689, 390
603, 420, 602, 389, 697, 387, 697, 417
627, 432, 627, 414, 672, 414, 672, 432
