269, 168, 40, 149, 44, 98, 273, 118
130, 182, 70, 178, 71, 153, 131, 156
271, 193, 133, 181, 136, 153, 274, 165
285, 444, 282, 402, 454, 387, 457, 430
30, 475, 25, 431, 274, 402, 279, 446
341, 473, 337, 447, 398, 439, 402, 466
294, 481, 291, 456, 334, 450, 337, 475
412, 494, 407, 462, 454, 455, 459, 487
212, 493, 208, 463, 288, 453, 292, 483
155, 501, 152, 472, 202, 466, 205, 495
88, 510, 86, 480, 149, 475, 151, 506
358, 504, 356, 488, 401, 481, 404, 497
266, 522, 264, 505, 316, 498, 318, 515
337, 573, 334, 561, 385, 550, 388, 562
