1190, 264, 1186, 237, 1292, 223, 1295, 250
1049, 284, 1045, 244, 1183, 231, 1187, 272
994, 288, 991, 253, 1042, 248, 1045, 283
1138, 320, 1136, 297, 1199, 292, 1201, 315
1046, 324, 1045, 304, 1135, 298, 1136, 319
1022, 325, 1021, 312, 1045, 309, 1046, 323
1063, 351, 1063, 336, 1091, 336, 1091, 351
1148, 353, 1094, 352, 1094, 333, 1148, 334
1191, 356, 1149, 352, 1151, 332, 1193, 336
1134, 383, 1134, 369, 1163, 369, 1163, 383
1223, 385, 1165, 383, 1165, 368, 1223, 371
1235, 386, 1235, 371, 1295, 371, 1295, 386
1022, 442, 1022, 429, 1051, 429, 1051, 442
1106, 446, 1051, 445, 1051, 428, 1106, 430
1167, 449, 1105, 448, 1106, 432, 1167, 433
1209, 451, 1171, 450, 1171, 433, 1209, 435
1241, 453, 1211, 452, 1212, 437, 1242, 438
