1284, 417, 1008, 393, 1013, 336, 1289, 360
1124, 443, 1003, 430, 1008, 387, 1129, 400
1276, 466, 1128, 449, 1134, 398, 1282, 416
1022, 448, 1002, 447, 1004, 430, 1024, 432
1067, 458, 1021, 449, 1024, 433, 1070, 442
1094, 463, 1067, 458, 1070, 442, 1097, 447
1156, 475, 1098, 464, 1101, 445, 1159, 457
1203, 483, 1154, 474, 1158, 455, 1207, 465
1266, 496, 1224, 487, 1228, 468, 1270, 477
1032, 541, 997, 532, 1001, 517, 1036, 526
1063, 551, 1030, 541, 1035, 525, 1068, 535
1099, 563, 1062, 552, 1067, 536, 1103, 547
