381, 187, 379, 166, 456, 160, 458, 180
890, 257, 886, 228, 930, 222, 934, 251
826, 283, 818, 245, 850, 239, 858, 276
184, 304, 177, 271, 256, 253, 264, 285
445, 299, 445, 282, 488, 282, 488, 299
410, 300, 410, 284, 444, 284, 444, 300
378, 302, 378, 287, 410, 286, 411, 301
463, 311, 462, 297, 494, 294, 496, 308
436, 311, 436, 296, 463, 296, 463, 311
376, 315, 376, 302, 434, 299, 435, 313
252, 370, 245, 311, 312, 303, 319, 362
159, 427, 137, 340, 247, 313, 269, 400
433, 355, 431, 331, 501, 326, 503, 350
375, 358, 374, 334, 426, 333, 427, 356
891, 371, 886, 351, 928, 341, 932, 361
387, 397, 385, 358, 495, 350, 498, 389
263, 401, 257, 370, 320, 357, 326, 388
384, 421, 382, 395, 504, 387, 506, 414
