1005, 227, 976, 190, 1080, 107, 1109, 144
693, 164, 692, 151, 720, 149, 721, 163
720, 164, 720, 151, 753, 150, 753, 163
333, 218, 272, 172, 293, 144, 355, 190
785, 221, 658, 217, 660, 167, 787, 172
668, 251, 667, 215, 785, 211, 786, 247
670, 289, 670, 266, 712, 266, 712, 289
780, 321, 714, 319, 715, 291, 781, 293
665, 321, 664, 295, 711, 293, 712, 320
665, 354, 665, 326, 744, 326, 744, 354
786, 358, 744, 353, 747, 326, 789, 331
702, 440, 702, 427, 768, 427, 768, 440
673, 486, 673, 474, 732, 474, 732, 486
