1292, 219, 1289, 204, 1329, 196, 1333, 211
1300, 233, 1297, 215, 1338, 209, 1340, 227
540, 401, 520, 237, 541, 234, 562, 398
726, 272, 722, 237, 738, 235, 742, 270
562, 284, 558, 241, 580, 239, 584, 282
545, 289, 538, 246, 559, 243, 566, 286
744, 309, 737, 258, 750, 256, 756, 307
568, 301, 565, 283, 583, 280, 586, 299
545, 306, 545, 286, 568, 286, 568, 306
569, 327, 566, 299, 586, 297, 588, 325
747, 335, 744, 308, 757, 307, 760, 334
551, 338, 548, 322, 570, 318, 573, 335
574, 380, 567, 328, 589, 325, 596, 378
259, 387, 257, 324, 333, 321, 335, 385
557, 398, 553, 356, 573, 354, 577, 396
