449, 216, 449, 193, 500, 193, 500, 216
361, 216, 361, 198, 391, 198, 391, 216
391, 215, 391, 198, 417, 198, 417, 215
307, 219, 307, 200, 330, 200, 330, 219
330, 216, 330, 200, 359, 200, 359, 216
514, 251, 513, 230, 567, 227, 568, 248
215, 250, 215, 235, 271, 233, 272, 248
461, 254, 461, 235, 502, 235, 502, 254
272, 267, 272, 246, 335, 244, 335, 265
216, 269, 215, 249, 272, 247, 272, 267
1118, 378, 1114, 335, 1220, 325, 1224, 367
1116, 406, 1116, 373, 1216, 373, 1216, 406
831, 718, 745, 701, 751, 668, 838, 685
