836, 92, 822, 59, 938, 13, 952, 46
1091, 118, 1080, 87, 1148, 63, 1159, 95
1061, 118, 1061, 91, 1083, 91, 1083, 118
1018, 133, 1012, 106, 1055, 96, 1061, 123
1090, 155, 1082, 119, 1178, 98, 1186, 134
1021, 170, 1016, 136, 1085, 126, 1089, 161
1156, 235, 1154, 205, 1197, 202, 1199, 232
1067, 243, 1065, 208, 1150, 202, 1153, 237
1020, 249, 1017, 225, 1063, 220, 1066, 244
1189, 282, 1187, 237, 1349, 229, 1351, 274
1097, 282, 1096, 244, 1186, 241, 1187, 280
1019, 285, 1017, 254, 1096, 251, 1097, 282
1013, 448, 826, 431, 836, 322, 1022, 338
1160, 374, 1070, 364, 1074, 331, 1164, 341
1022, 364, 1022, 338, 1071, 338, 1071, 364
1237, 378, 1164, 376, 1165, 343, 1238, 344
1349, 391, 1243, 381, 1247, 347, 1352, 358
1103, 410, 1048, 403, 1052, 372, 1106, 379
1189, 417, 1104, 412, 1106, 382, 1191, 388
1147, 526, 1053, 500, 1060, 474, 1154, 501
1307, 576, 1151, 534, 1160, 503, 1315, 545
909, 544, 873, 533, 878, 514, 914, 524
966, 569, 908, 552, 916, 526, 974, 543
955, 696, 845, 630, 862, 601, 972, 668
