1040, 64, 968, 57, 971, 31, 1042, 38
172, 327, 159, 109, 273, 102, 286, 320
569, 319, 569, 118, 654, 118, 654, 319
361, 164, 360, 139, 417, 136, 419, 161
364, 251, 359, 162, 486, 155, 492, 244
491, 215, 488, 159, 538, 157, 541, 213
494, 241, 494, 213, 542, 213, 542, 241
374, 322, 365, 252, 545, 230, 553, 300
554, 352, 549, 309, 618, 302, 622, 344
494, 363, 488, 334, 551, 323, 556, 352
570, 373, 565, 349, 612, 339, 617, 363
402, 381, 398, 349, 443, 343, 447, 375
340, 391, 335, 357, 400, 349, 404, 382
493, 389, 488, 364, 566, 347, 572, 373
234, 415, 227, 378, 334, 358, 341, 394
300, 431, 292, 399, 393, 376, 401, 409
225, 503, 216, 443, 340, 426, 348, 486
