189, 160, 100, 157, 101, 114, 190, 117
370, 180, 232, 166, 236, 126, 374, 140
214, 202, 103, 197, 105, 154, 216, 159
332, 207, 219, 203, 220, 161, 334, 166
336, 208, 336, 174, 371, 174, 371, 208
192, 249, 104, 248, 104, 231, 193, 233
107, 285, 107, 269, 149, 269, 149, 285
149, 285, 149, 269, 206, 269, 206, 285
109, 319, 109, 304, 178, 304, 178, 319
201, 329, 200, 312, 239, 310, 239, 327
157, 330, 157, 312, 201, 312, 201, 330
110, 333, 109, 319, 156, 316, 157, 330
185, 367, 184, 351, 246, 345, 247, 361
162, 368, 161, 352, 184, 351, 185, 366
112, 371, 111, 355, 159, 352, 160, 368
315, 407, 312, 381, 367, 374, 370, 400
280, 400, 278, 384, 331, 378, 332, 394
191, 403, 189, 387, 254, 379, 256, 395
116, 410, 114, 392, 189, 384, 191, 402
323, 439, 320, 423, 393, 411, 396, 427
119, 448, 117, 431, 207, 419, 210, 437
367, 463, 365, 448, 395, 444, 397, 458
308, 476, 305, 460, 365, 448, 368, 463
179, 477, 177, 462, 216, 456, 218, 472
283, 480, 280, 466, 305, 460, 308, 475
123, 486, 121, 470, 163, 465, 165, 480
183, 515, 181, 500, 216, 493, 219, 508
127, 525, 124, 509, 181, 499, 184, 516
162, 554, 158, 536, 241, 519, 244, 536
131, 559, 128, 545, 158, 539, 161, 553
