994, 210, 964, 176, 1069, 84, 1099, 119
678, 159, 677, 145, 704, 143, 705, 156
705, 157, 705, 144, 736, 144, 736, 157
329, 226, 272, 187, 291, 159, 348, 198
645, 214, 644, 165, 769, 163, 769, 213
654, 247, 651, 210, 767, 202, 770, 239
655, 285, 654, 262, 697, 260, 697, 284
699, 314, 698, 286, 763, 285, 763, 313
649, 319, 646, 289, 694, 285, 697, 314
771, 350, 728, 349, 729, 320, 772, 322
649, 351, 649, 322, 728, 321, 728, 350
688, 436, 688, 423, 751, 422, 751, 435
657, 481, 657, 470, 715, 470, 715, 481
