164, 131, 50, 78, 66, 44, 180, 97
883, 134, 864, 95, 910, 72, 930, 110
809, 171, 789, 132, 870, 91, 890, 130
329, 251, 329, 233, 370, 232, 370, 250
279, 253, 279, 234, 330, 234, 330, 253
239, 253, 239, 236, 279, 236, 279, 253
281, 269, 281, 253, 365, 252, 365, 268
250, 271, 249, 254, 280, 252, 281, 270
297, 296, 297, 277, 362, 275, 363, 294
258, 298, 257, 280, 296, 278, 298, 295
292, 313, 291, 294, 371, 291, 372, 310
250, 314, 249, 297, 291, 295, 292, 312
312, 335, 311, 319, 355, 317, 355, 334
246, 341, 244, 322, 311, 318, 312, 337
120, 347, 118, 330, 165, 327, 166, 344
309, 352, 309, 336, 348, 336, 348, 352
256, 355, 256, 338, 308, 337, 308, 354
181, 381, 179, 359, 203, 357, 205, 378
155, 385, 152, 362, 179, 359, 182, 382
295, 381, 293, 364, 339, 360, 340, 377
125, 393, 121, 366, 152, 362, 156, 389
242, 384, 241, 367, 294, 365, 295, 382
