1296, 140, 1294, 125, 1328, 121, 1330, 136
1264, 143, 1262, 127, 1294, 124, 1296, 139
1242, 143, 1242, 128, 1263, 128, 1263, 143
496, 159, 496, 143, 525, 142, 525, 158
467, 162, 466, 148, 497, 145, 498, 159
1060, 162, 1060, 147, 1092, 147, 1092, 162
415, 168, 413, 154, 444, 151, 446, 165
356, 176, 354, 161, 413, 153, 415, 168
249, 188, 247, 163, 350, 152, 352, 176
1071, 173, 1071, 159, 1108, 159, 1108, 173
1047, 178, 1045, 163, 1070, 159, 1072, 174
1050, 189, 1049, 173, 1106, 171, 1107, 186
1063, 200, 1063, 187, 1094, 187, 1094, 200
982, 226, 980, 200, 1041, 197, 1043, 223
181, 301, 181, 281, 238, 281, 238, 301
227, 403, 189, 401, 190, 382, 229, 384
184, 507, 184, 485, 237, 485, 237, 507
