156, 76, 94, 74, 95, 34, 157, 36
41, 78, 41, 50, 84, 50, 84, 78
275, 94, 161, 81, 165, 48, 278, 61
622, 123, 606, 105, 662, 59, 677, 77
86, 98, 36, 96, 37, 75, 87, 78
458, 110, 362, 101, 364, 75, 461, 84
181, 108, 89, 99, 91, 77, 183, 86
186, 107, 186, 88, 209, 88, 209, 107
38, 120, 38, 106, 74, 106, 74, 120
189, 130, 114, 123, 115, 109, 190, 117
257, 135, 190, 129, 192, 113, 259, 119
305, 138, 262, 134, 263, 119, 306, 123
85, 137, 42, 136, 42, 125, 85, 126
115, 142, 115, 126, 146, 126, 146, 142
197, 148, 145, 143, 147, 126, 198, 131
253, 150, 197, 146, 199, 130, 255, 134
471, 162, 356, 152, 357, 138, 472, 148
944, 263, 870, 260, 871, 235, 945, 238
