1203, 252, 1199, 224, 1309, 208, 1313, 236
1058, 275, 1053, 235, 1195, 218, 1200, 258
1000, 279, 996, 244, 1049, 238, 1053, 273
1150, 309, 1147, 286, 1212, 278, 1215, 302
1054, 314, 1053, 294, 1147, 287, 1148, 308
1030, 316, 1029, 302, 1053, 299, 1054, 313
1206, 344, 1163, 341, 1165, 320, 1208, 323
1105, 341, 1105, 322, 1160, 322, 1160, 341
1072, 341, 1072, 325, 1102, 325, 1102, 341
1315, 374, 1252, 373, 1253, 358, 1316, 359
1119, 437, 1061, 434, 1061, 417, 1120, 420
1118, 438, 1118, 423, 1183, 423, 1183, 438
1226, 440, 1186, 439, 1187, 422, 1227, 424
1261, 441, 1229, 441, 1229, 425, 1261, 426
