1201, 240, 1198, 212, 1309, 198, 1312, 226
1055, 261, 1051, 219, 1193, 205, 1197, 247
997, 265, 994, 229, 1046, 224, 1049, 260
1145, 300, 1143, 274, 1208, 267, 1211, 293
1050, 302, 1049, 283, 1143, 278, 1144, 297
1025, 304, 1024, 289, 1048, 287, 1050, 301
1068, 330, 1068, 314, 1094, 314, 1094, 330
1099, 332, 1099, 312, 1154, 312, 1154, 332
1200, 336, 1157, 332, 1158, 311, 1202, 314
1139, 363, 1139, 348, 1170, 348, 1170, 363
1231, 366, 1171, 364, 1171, 348, 1231, 351
1307, 368, 1244, 366, 1245, 351, 1308, 353
1052, 425, 1021, 424, 1021, 410, 1053, 411
1108, 429, 1051, 426, 1052, 409, 1109, 413
1172, 432, 1108, 430, 1108, 414, 1172, 416
1215, 435, 1175, 432, 1176, 416, 1216, 418
1249, 436, 1216, 435, 1217, 419, 1250, 420
