758, 312, 664, 310, 664, 281, 759, 283
417, 332, 417, 284, 551, 284, 551, 332
573, 333, 549, 332, 550, 286, 575, 287
839, 310, 809, 308, 810, 294, 840, 296
867, 310, 867, 297, 892, 297, 892, 310
867, 312, 839, 309, 840, 295, 868, 298
965, 312, 934, 309, 936, 297, 966, 300
835, 322, 835, 309, 864, 309, 864, 322
864, 322, 864, 309, 892, 309, 892, 322
808, 323, 808, 311, 836, 311, 836, 323
913, 324, 913, 312, 941, 312, 941, 324
664, 335, 664, 309, 762, 309, 762, 335
871, 337, 836, 335, 837, 323, 872, 324
871, 335, 871, 324, 900, 324, 900, 335
836, 350, 807, 348, 808, 336, 837, 337
900, 351, 900, 339, 941, 339, 941, 351
702, 397, 624, 396, 624, 373, 702, 374
709, 423, 613, 422, 613, 392, 709, 394
637, 437, 637, 420, 685, 420, 685, 437
