590, 291, 585, 265, 680, 249, 685, 275
194, 285, 193, 268, 260, 266, 261, 283
261, 284, 261, 267, 308, 267, 308, 284
197, 300, 196, 284, 237, 282, 237, 299
237, 298, 236, 282, 275, 280, 276, 296
199, 314, 199, 298, 295, 294, 296, 310
89, 337, 79, 307, 133, 290, 142, 320
216, 329, 215, 313, 283, 310, 284, 327
611, 342, 608, 323, 656, 318, 658, 337
219, 366, 217, 338, 285, 334, 286, 362
612, 361, 610, 341, 658, 337, 660, 358
612, 381, 611, 361, 660, 357, 662, 377
221, 391, 219, 365, 286, 359, 288, 385
777, 626, 476, 590, 481, 553, 781, 589
618, 641, 531, 628, 534, 610, 621, 624
681, 651, 617, 642, 620, 624, 684, 633
