281, 155, 57, 137, 61, 86, 285, 104
142, 171, 85, 168, 86, 144, 143, 146
282, 182, 147, 171, 150, 141, 285, 152
291, 439, 287, 397, 458, 381, 462, 423
40, 474, 34, 428, 280, 397, 285, 442
414, 458, 411, 438, 458, 433, 460, 453
344, 470, 341, 444, 402, 436, 405, 462
299, 477, 295, 452, 337, 445, 341, 471
413, 473, 412, 454, 458, 451, 459, 471
217, 490, 213, 461, 292, 450, 296, 480
414, 491, 411, 472, 457, 465, 460, 484
161, 499, 158, 469, 207, 463, 210, 494
96, 510, 92, 478, 156, 471, 160, 502
361, 501, 359, 486, 403, 479, 406, 494
293, 517, 290, 500, 337, 492, 340, 509
270, 519, 268, 505, 290, 501, 293, 515
341, 571, 338, 560, 386, 549, 388, 560
