779, 198, 778, 181, 814, 179, 815, 195
676, 206, 676, 179, 728, 179, 728, 206
745, 201, 744, 185, 778, 182, 780, 198
597, 218, 595, 187, 660, 182, 663, 213
581, 244, 570, 196, 595, 190, 606, 239
760, 219, 760, 203, 781, 203, 781, 219
518, 242, 514, 205, 571, 200, 575, 237
609, 242, 609, 212, 662, 212, 662, 242
690, 239, 690, 223, 710, 223, 710, 239
709, 240, 709, 224, 731, 224, 731, 240
814, 262, 741, 259, 742, 241, 815, 244
666, 312, 621, 304, 625, 281, 670, 289
670, 340, 612, 332, 617, 301, 675, 310
