1276, 436, 987, 411, 993, 351, 1281, 377
1106, 459, 982, 437, 990, 393, 1114, 415
1264, 489, 1110, 462, 1119, 410, 1273, 437
1001, 461, 981, 458, 983, 442, 1003, 444
1047, 473, 999, 462, 1003, 445, 1051, 455
1076, 479, 1046, 473, 1050, 455, 1080, 462
1139, 493, 1079, 480, 1084, 460, 1143, 473
1189, 505, 1138, 492, 1142, 473, 1194, 485
1256, 520, 1210, 509, 1215, 488, 1261, 499
1009, 558, 974, 547, 979, 532, 1014, 543
1042, 570, 1007, 559, 1013, 543, 1047, 554
1078, 583, 1041, 572, 1045, 556, 1082, 567
