1314, 351, 1231, 349, 1232, 311, 1315, 313
1207, 412, 1175, 410, 1176, 394, 1208, 396
1245, 417, 1206, 412, 1208, 394, 1248, 399
1287, 421, 1245, 417, 1246, 399, 1288, 402
1290, 422, 1290, 405, 1320, 405, 1320, 422
1202, 431, 1167, 420, 1172, 403, 1207, 414
1241, 434, 1203, 430, 1205, 411, 1243, 416
1282, 440, 1241, 434, 1244, 416, 1285, 422
1317, 443, 1286, 440, 1287, 424, 1318, 426
1199, 461, 1161, 455, 1165, 432, 1203, 438
1261, 473, 1202, 463, 1207, 437, 1266, 447
1320, 484, 1267, 475, 1271, 448, 1324, 457
