1335, 352, 1245, 347, 1247, 310, 1337, 315
1226, 408, 1193, 403, 1196, 386, 1229, 392
1264, 412, 1226, 408, 1228, 391, 1266, 395
1304, 419, 1263, 412, 1265, 394, 1306, 401
1305, 418, 1305, 402, 1337, 402, 1337, 418
1224, 424, 1190, 418, 1192, 401, 1226, 407
1261, 430, 1223, 424, 1226, 407, 1263, 412
1300, 435, 1261, 430, 1263, 412, 1303, 418
1334, 439, 1303, 435, 1305, 419, 1335, 422
1222, 455, 1184, 449, 1188, 427, 1226, 433
1283, 468, 1224, 457, 1229, 432, 1287, 442
1339, 479, 1288, 469, 1293, 443, 1344, 453
