1222, 245, 1218, 218, 1324, 201, 1328, 229
1082, 269, 1078, 227, 1216, 212, 1221, 254
1027, 273, 1023, 238, 1074, 232, 1078, 267
1168, 305, 1165, 282, 1228, 274, 1231, 297
1077, 310, 1075, 290, 1166, 283, 1168, 303
1053, 312, 1051, 297, 1075, 295, 1077, 309
1177, 338, 1123, 337, 1123, 317, 1178, 318
1219, 340, 1178, 337, 1179, 316, 1221, 319
1093, 337, 1093, 321, 1120, 321, 1120, 337
1188, 370, 1160, 367, 1161, 353, 1190, 355
1110, 368, 1110, 354, 1160, 354, 1160, 368
1192, 369, 1192, 354, 1248, 354, 1248, 369
1320, 370, 1260, 369, 1261, 353, 1321, 354
1131, 435, 1075, 433, 1076, 416, 1131, 419
1130, 436, 1130, 420, 1192, 420, 1192, 436
1194, 438, 1194, 422, 1232, 422, 1232, 438
1264, 439, 1233, 438, 1234, 422, 1265, 423
