1328, 127, 1326, 110, 1360, 106, 1362, 122
1296, 131, 1294, 116, 1326, 112, 1328, 127
1093, 157, 1092, 142, 1124, 140, 1125, 155
1104, 168, 1103, 154, 1141, 151, 1142, 166
490, 174, 488, 157, 549, 151, 551, 168
1079, 171, 1078, 156, 1103, 153, 1105, 169
467, 176, 467, 162, 489, 162, 489, 176
436, 181, 434, 167, 466, 163, 467, 177
1084, 184, 1082, 169, 1139, 163, 1141, 178
374, 192, 372, 177, 434, 166, 436, 182
263, 207, 260, 182, 367, 168, 370, 193
1096, 195, 1095, 182, 1126, 180, 1127, 193
1014, 223, 1013, 197, 1075, 194, 1076, 220
196, 327, 195, 304, 256, 302, 257, 324
249, 429, 209, 427, 210, 407, 250, 409
208, 532, 208, 510, 264, 510, 264, 532
