266, 69, 249, 58, 278, 16, 294, 27
144, 66, 128, 53, 155, 19, 171, 32
129, 82, 115, 68, 132, 51, 146, 65
524, 100, 521, 80, 571, 71, 574, 91
102, 121, 85, 108, 116, 69, 132, 82
69, 162, 53, 148, 87, 108, 103, 121
26, 222, 8, 208, 54, 148, 72, 162
753, 186, 752, 174, 783, 172, 784, 184
702, 194, 700, 182, 752, 174, 754, 187
177, 218, 158, 207, 177, 175, 196, 186
262, 327, 244, 205, 388, 184, 406, 305
138, 282, 118, 269, 160, 203, 180, 215
546, 245, 544, 226, 594, 220, 596, 239
786, 290, 786, 278, 814, 278, 814, 290
750, 296, 749, 283, 783, 281, 784, 294
372, 346, 366, 330, 390, 321, 396, 336
561, 344, 559, 326, 609, 321, 610, 340
345, 359, 339, 345, 368, 332, 374, 345
306, 378, 300, 364, 340, 345, 347, 359
334, 389, 327, 376, 369, 356, 375, 369
724, 380, 724, 368, 759, 367, 759, 379
323, 421, 316, 409, 365, 381, 371, 393
573, 425, 572, 407, 620, 403, 622, 422
731, 426, 730, 416, 782, 413, 782, 424
393, 545, 378, 529, 443, 472, 457, 488
744, 535, 744, 525, 801, 523, 802, 533
314, 622, 296, 603, 377, 528, 395, 547
655, 654, 653, 630, 682, 627, 684, 651
673, 675, 670, 653, 685, 650, 688, 672
460, 787, 437, 684, 472, 676, 496, 779
387, 789, 369, 775, 401, 733, 419, 747
