208, 154, 118, 147, 122, 104, 211, 111
388, 175, 252, 160, 256, 119, 393, 134
231, 196, 120, 189, 123, 147, 234, 154
349, 203, 237, 196, 240, 154, 352, 162
354, 203, 354, 170, 389, 170, 389, 203
207, 242, 118, 240, 118, 224, 207, 226
119, 278, 119, 262, 161, 262, 161, 278
162, 278, 162, 262, 218, 262, 218, 278
120, 312, 120, 298, 189, 298, 189, 312
212, 323, 211, 306, 249, 304, 251, 321
167, 324, 167, 306, 211, 306, 211, 324
120, 326, 119, 311, 167, 310, 167, 325
194, 360, 193, 344, 255, 340, 256, 356
171, 361, 171, 346, 192, 346, 192, 361
120, 364, 119, 349, 166, 346, 167, 361
320, 403, 317, 378, 397, 369, 400, 394
287, 395, 285, 379, 338, 375, 339, 391
198, 397, 196, 381, 261, 374, 262, 390
121, 403, 119, 385, 196, 379, 198, 397
329, 435, 327, 420, 398, 409, 400, 424
122, 443, 120, 424, 212, 413, 214, 431
310, 471, 307, 455, 369, 444, 372, 459
181, 472, 179, 457, 218, 451, 221, 467
124, 480, 122, 464, 166, 459, 168, 474
183, 510, 181, 495, 217, 489, 219, 504
126, 520, 124, 503, 181, 494, 184, 510
159, 548, 156, 531, 240, 515, 243, 532
128, 553, 126, 539, 157, 535, 159, 549
130, 606, 126, 592, 153, 585, 156, 599
