803, 279, 802, 257, 840, 255, 841, 277
1100, 306, 1091, 275, 1184, 250, 1192, 282
934, 304, 932, 285, 1012, 277, 1014, 296
1010, 331, 1003, 306, 1069, 288, 1076, 314
450, 383, 136, 369, 140, 297, 453, 311
790, 338, 788, 324, 832, 318, 834, 333
1115, 393, 1111, 364, 1201, 350, 1205, 379
1122, 425, 1117, 392, 1211, 377, 1217, 410
360, 426, 359, 399, 457, 395, 458, 422
1120, 450, 1119, 415, 1218, 412, 1219, 447
1026, 454, 1025, 426, 1120, 419, 1122, 447
1107, 498, 1033, 493, 1035, 466, 1109, 471
1229, 506, 1128, 503, 1129, 469, 1230, 472
