775, 96, 761, 63, 877, 14, 891, 47
1051, 117, 1039, 84, 1116, 56, 1128, 89
1018, 119, 1017, 87, 1043, 86, 1044, 118
970, 133, 963, 106, 1011, 94, 1018, 121
1048, 154, 1040, 116, 1149, 91, 1157, 130
972, 172, 966, 136, 1043, 124, 1049, 160
1120, 237, 1117, 206, 1166, 202, 1168, 233
1020, 247, 1017, 211, 1112, 203, 1115, 239
967, 254, 964, 229, 1015, 223, 1018, 247
1155, 287, 1152, 241, 1337, 228, 1341, 274
1051, 286, 1050, 248, 1150, 244, 1151, 283
966, 291, 964, 259, 1049, 255, 1051, 287
954, 455, 762, 439, 771, 328, 964, 344
1117, 381, 1019, 372, 1023, 336, 1121, 346
967, 371, 967, 344, 1020, 344, 1020, 371
1333, 400, 1213, 391, 1215, 356, 1335, 364
1053, 418, 995, 411, 999, 378, 1057, 385
1148, 428, 1055, 420, 1058, 388, 1151, 396
1099, 537, 996, 510, 1003, 483, 1106, 510
1248, 586, 1101, 545, 1110, 512, 1257, 553
901, 576, 842, 556, 850, 531, 909, 551
886, 700, 776, 631, 793, 604, 903, 673
