159, 126, 1, 53, 18, 17, 175, 91
884, 128, 865, 88, 912, 66, 931, 106
809, 168, 789, 128, 872, 86, 892, 126
325, 249, 325, 232, 367, 231, 367, 248
274, 253, 274, 234, 325, 234, 325, 253
234, 254, 233, 237, 274, 235, 275, 252
276, 269, 275, 253, 361, 250, 362, 267
245, 271, 244, 254, 275, 252, 276, 269
293, 296, 292, 277, 358, 275, 359, 294
253, 299, 252, 281, 292, 278, 293, 296
287, 315, 286, 296, 367, 290, 368, 309
245, 314, 245, 297, 287, 297, 287, 314
307, 338, 306, 321, 351, 318, 352, 335
240, 343, 239, 324, 306, 320, 307, 339
113, 350, 112, 331, 159, 329, 160, 347
304, 355, 304, 337, 342, 336, 343, 354
251, 360, 250, 341, 304, 339, 305, 358
176, 385, 172, 362, 197, 358, 201, 382
150, 389, 146, 366, 173, 362, 176, 385
290, 384, 289, 367, 335, 364, 336, 380
119, 398, 114, 371, 146, 365, 151, 392
237, 388, 235, 371, 289, 366, 290, 384
