1336, 129, 1334, 114, 1370, 108, 1373, 124
1304, 133, 1302, 118, 1335, 114, 1336, 130
1095, 159, 1095, 143, 1128, 143, 1128, 159
1105, 171, 1104, 155, 1143, 153, 1144, 169
509, 175, 507, 158, 538, 154, 540, 171
1081, 175, 1078, 159, 1104, 155, 1106, 171
476, 178, 474, 163, 507, 158, 509, 174
453, 181, 451, 166, 475, 164, 477, 178
1083, 187, 1082, 172, 1142, 166, 1143, 182
420, 185, 418, 171, 452, 167, 453, 181
358, 196, 355, 180, 419, 170, 421, 186
244, 212, 240, 187, 350, 171, 353, 196
1096, 198, 1095, 185, 1127, 183, 1128, 196
1012, 227, 1010, 200, 1073, 195, 1075, 222
173, 332, 172, 309, 235, 308, 235, 331
186, 433, 186, 414, 226, 414, 226, 433
182, 539, 182, 516, 238, 516, 238, 539
