600, 111, 599, 90, 653, 89, 653, 110
552, 119, 549, 99, 596, 90, 600, 111
278, 236, 199, 215, 209, 177, 288, 197
53, 227, 51, 202, 110, 197, 112, 222
609, 261, 608, 232, 679, 229, 681, 257
551, 266, 548, 238, 607, 232, 610, 259
1261, 296, 1257, 262, 1312, 254, 1316, 288
55, 311, 54, 290, 113, 285, 114, 305
54, 324, 54, 309, 115, 305, 116, 320
1268, 368, 1259, 337, 1317, 319, 1327, 349
623, 367, 621, 339, 690, 333, 692, 361
564, 373, 561, 351, 606, 345, 609, 368
1276, 412, 1276, 380, 1331, 380, 1331, 412
