790, 284, 789, 244, 958, 241, 959, 281
910, 303, 910, 290, 967, 290, 967, 303
862, 302, 862, 291, 911, 291, 911, 302
291, 326, 208, 318, 211, 285, 293, 293
868, 362, 868, 350, 901, 350, 901, 362
472, 385, 471, 351, 536, 349, 537, 383
927, 382, 927, 368, 980, 367, 980, 381
851, 384, 851, 371, 904, 370, 904, 383
792, 414, 792, 402, 838, 402, 838, 414
1088, 452, 1088, 399, 1279, 399, 1279, 452
875, 425, 827, 423, 827, 411, 876, 413
1023, 481, 1023, 423, 1042, 423, 1042, 481
1089, 484, 1089, 450, 1278, 450, 1278, 484
387, 499, 387, 485, 417, 485, 417, 499
363, 704, 183, 698, 184, 675, 364, 681
