1133, 416, 1131, 389, 1196, 384, 1198, 411
1070, 422, 1068, 397, 1133, 391, 1135, 417
1163, 441, 1161, 417, 1236, 413, 1237, 436
1121, 441, 1121, 424, 1162, 422, 1163, 439
1078, 444, 1078, 425, 1121, 423, 1122, 442
1045, 447, 1043, 429, 1077, 426, 1079, 444
1091, 484, 1091, 463, 1116, 463, 1116, 484
1141, 490, 1140, 460, 1239, 457, 1240, 486
1116, 486, 1116, 471, 1140, 471, 1140, 486
1051, 517, 1051, 503, 1104, 503, 1104, 517
1196, 521, 1195, 505, 1232, 504, 1232, 519
1118, 523, 1118, 506, 1195, 506, 1195, 523
1254, 522, 1231, 520, 1232, 504, 1256, 507
1155, 539, 1103, 537, 1104, 521, 1156, 523
1195, 540, 1157, 539, 1157, 521, 1195, 522
