1328, 134, 1326, 118, 1361, 115, 1362, 132
1295, 138, 1294, 123, 1326, 120, 1328, 134
1273, 138, 1273, 123, 1295, 123, 1295, 138
518, 154, 518, 137, 548, 137, 548, 154
489, 158, 487, 143, 518, 139, 519, 154
1091, 158, 1090, 143, 1122, 141, 1123, 156
434, 164, 433, 150, 465, 146, 466, 160
374, 172, 372, 157, 433, 149, 435, 164
1101, 169, 1101, 154, 1139, 154, 1139, 169
263, 184, 261, 160, 366, 148, 369, 173
1077, 174, 1074, 158, 1100, 154, 1102, 170
1080, 185, 1079, 170, 1136, 166, 1137, 181
1093, 197, 1093, 184, 1123, 183, 1124, 195
1010, 223, 1009, 196, 1071, 195, 1072, 222
190, 303, 190, 280, 249, 280, 249, 303
237, 407, 197, 404, 199, 384, 239, 387
191, 513, 191, 491, 246, 491, 246, 513
