184, 122, 80, 75, 95, 41, 199, 87
893, 119, 875, 82, 922, 59, 940, 96
820, 157, 801, 119, 882, 79, 901, 117
342, 238, 341, 220, 382, 219, 382, 237
292, 241, 291, 222, 341, 219, 342, 238
252, 241, 251, 225, 292, 224, 292, 240
292, 256, 292, 240, 377, 237, 378, 253
263, 258, 262, 242, 292, 240, 293, 256
308, 283, 307, 265, 372, 260, 374, 278
269, 284, 268, 267, 307, 265, 308, 282
302, 299, 301, 281, 381, 276, 382, 295
259, 300, 259, 282, 302, 282, 302, 300
320, 321, 320, 304, 364, 304, 364, 321
255, 326, 254, 308, 320, 305, 321, 323
131, 334, 129, 318, 174, 314, 176, 330
317, 338, 317, 320, 356, 320, 356, 338
265, 341, 265, 323, 317, 323, 317, 341
189, 367, 187, 345, 211, 342, 214, 364
163, 373, 160, 349, 187, 345, 191, 369
302, 366, 301, 350, 347, 347, 348, 363
249, 371, 247, 353, 301, 349, 302, 366
133, 381, 128, 355, 160, 349, 165, 375
