844, 93, 844, 36, 881, 36, 881, 93

775, 130, 758, 95, 836, 55, 854, 91

990, 179, 990, 150, 1027, 150, 1027, 179

302, 200, 302, 184, 339, 184, 339, 200

992, 213, 992, 184, 1033, 184, 1033, 213

256, 200, 256, 186, 295, 186, 295, 200

216, 200, 216, 188, 251, 188, 251, 200

226, 219, 226, 205, 251, 205, 251, 219

270, 241, 269, 227, 330, 223, 331, 237

306, 254, 306, 242, 341, 242, 341, 254

94, 289, 93, 278, 134, 274, 135, 285

280, 296, 280, 284, 309, 284, 309, 296

152, 326, 152, 302, 173, 302, 173, 326

124, 331, 124, 306, 147, 306, 147, 331

264, 324, 264, 308, 305, 308, 305, 324

90, 337, 90, 310, 119, 310, 119, 337

212, 326, 212, 312, 257, 312, 257, 326

