1006, 45, 918, 41, 920, 13, 1007, 17

152, 209, 138, 99, 248, 85, 262, 195

332, 142, 332, 115, 361, 115, 361, 142

391, 142, 364, 142, 364, 115, 391, 115

396, 208, 396, 132, 453, 132, 453, 208

461, 181, 458, 134, 504, 131, 507, 178

393, 219, 336, 219, 336, 143, 393, 143

462, 208, 462, 186, 509, 186, 509, 208

342, 288, 339, 220, 513, 210, 517, 278

459, 320, 454, 295, 578, 273, 583, 298

311, 346, 306, 317, 409, 302, 413, 331

208, 370, 201, 336, 299, 316, 306, 349

523, 335, 484, 335, 484, 319, 523, 319

458, 339, 458, 325, 483, 325, 483, 339

270, 380, 266, 356, 363, 341, 367, 365

