116, 50, 102, 36, 147, 0, 160, 5

253, 39, 240, 29, 270, 0, 283, 2

408, 55, 396, 48, 416, 13, 428, 20

53, 122, 37, 108, 100, 38, 116, 52

509, 72, 506, 53, 553, 45, 556, 64

4, 179, 0, 164, 33, 109, 50, 124

157, 173, 142, 158, 165, 135, 180, 150

246, 277, 229, 167, 372, 145, 389, 254

116, 237, 95, 221, 139, 163, 160, 178

527, 206, 524, 184, 574, 177, 577, 199

354, 294, 348, 276, 371, 268, 377, 287

540, 296, 538, 274, 588, 270, 590, 292

327, 309, 319, 293, 345, 280, 353, 296

355, 316, 348, 301, 385, 283, 392, 298

283, 326, 277, 310, 317, 294, 324, 310

331, 329, 323, 316, 346, 302, 354, 315

350, 340, 342, 326, 368, 311, 376, 325

310, 335, 310, 315, 327, 315, 327, 335

290, 344, 290, 325, 309, 325, 309, 344

299, 367, 291, 353, 340, 325, 348, 340

267, 362, 257, 347, 282, 330, 292, 345

552, 370, 550, 348, 598, 344, 600, 366

369, 482, 355, 467, 419, 412, 432, 428

281, 559, 264, 538, 355, 466, 372, 487

638, 618, 638, 604, 661, 604, 661, 618

407, 719, 366, 702, 420, 605, 461, 628

431, 711, 414, 695, 451, 655, 468, 671

360, 697, 360, 666, 379, 666, 379, 697

336, 719, 336, 689, 359, 689, 359, 719

