652, 165, 649, 142, 694, 137, 697, 160

580, 172, 578, 150, 646, 143, 648, 166

544, 178, 544, 158, 569, 158, 569, 178

520, 179, 520, 162, 541, 162, 541, 179

442, 195, 438, 170, 514, 160, 517, 185

371, 200, 368, 175, 436, 168, 438, 193

248, 216, 245, 188, 346, 177, 349, 206

190, 221, 187, 196, 244, 190, 246, 215

530, 241, 530, 209, 565, 209, 565, 241

445, 259, 439, 224, 516, 210, 522, 245

349, 265, 346, 225, 434, 218, 437, 258

502, 291, 497, 253, 635, 234, 640, 272

281, 325, 276, 283, 490, 257, 495, 298

227, 463, 224, 441, 403, 414, 407, 436

