248, 117, 24, 99, 28, 52, 252, 70

108, 134, 48, 130, 50, 105, 110, 109

250, 144, 116, 132, 118, 108, 252, 120

269, 385, 266, 347, 433, 333, 436, 371

22, 414, 18, 372, 255, 348, 259, 390

390, 401, 390, 383, 415, 383, 415, 401

322, 413, 319, 389, 381, 382, 384, 406

278, 420, 274, 396, 316, 390, 320, 414

198, 432, 196, 406, 269, 400, 271, 426

144, 439, 140, 413, 184, 407, 188, 433

76, 449, 73, 422, 137, 415, 140, 443

20, 458, 17, 430, 69, 425, 72, 452

340, 441, 338, 428, 370, 422, 372, 436

401, 490, 398, 478, 441, 467, 444, 480

320, 507, 317, 494, 367, 485, 369, 498

