760, 16, 760, 0, 797, 0, 797, 16

810, 22, 810, 0, 845, 0, 845, 22

878, 26, 878, 0, 905, 0, 905, 26

865, 24, 846, 24, 846, 4, 865, 4

978, 40, 918, 31, 922, 7, 982, 15

752, 110, 752, 87, 783, 87, 783, 110

834, 117, 785, 111, 788, 84, 837, 89

876, 119, 837, 117, 838, 89, 878, 91

882, 121, 882, 96, 907, 96, 907, 121

744, 138, 744, 111, 779, 111, 779, 138

1020, 379, 901, 373, 903, 346, 1021, 351

1108, 383, 1023, 380, 1024, 353, 1109, 357

1278, 438, 885, 435, 886, 386, 1279, 390

1278, 475, 1181, 471, 1182, 452, 1279, 456

1152, 470, 1152, 456, 1181, 456, 1181, 470

