770, 333, 770, 315, 787, 315, 787, 333

738, 354, 738, 332, 761, 332, 761, 354

576, 394, 567, 339, 588, 335, 598, 390

516, 406, 511, 350, 537, 348, 542, 404

336, 378, 336, 353, 369, 353, 369, 378

400, 451, 376, 443, 400, 374, 423, 382

334, 404, 334, 387, 365, 387, 365, 404

351, 450, 297, 444, 302, 398, 357, 405

758, 438, 758, 413, 771, 413, 771, 438

754, 468, 754, 443, 773, 443, 773, 468

410, 571, 347, 566, 351, 522, 414, 527

772, 629, 772, 617, 815, 617, 815, 629

849, 629, 824, 629, 824, 617, 849, 617

844, 706, 844, 689, 879, 689, 879, 706

