1238, 31, 1238, 14, 1257, 14, 1257, 31

43, 65, 0, 65, 0, 38, 43, 38

45, 89, 0, 89, 0, 70, 45, 70

134, 95, 48, 88, 50, 68, 136, 75

140, 95, 140, 77, 163, 77, 163, 95

35, 110, 0, 110, 0, 96, 35, 96

69, 112, 42, 112, 42, 98, 69, 98

142, 114, 73, 111, 74, 97, 143, 100

206, 118, 147, 115, 148, 101, 207, 104

252, 122, 212, 117, 214, 103, 254, 107

6, 129, 6, 115, 49, 115, 49, 129

101, 133, 74, 133, 74, 117, 101, 117

149, 134, 106, 134, 106, 117, 149, 117

210, 137, 155, 133, 156, 117, 211, 121

412, 141, 301, 134, 302, 119, 413, 126

874, 229, 803, 225, 804, 205, 875, 209

568, 363, 568, 329, 605, 329, 605, 363

