158, 263, 152, 234, 234, 215, 241, 245

414, 249, 413, 236, 454, 233, 455, 246

382, 253, 382, 239, 411, 239, 411, 253

348, 254, 348, 240, 375, 240, 375, 254

432, 263, 431, 250, 464, 247, 465, 260

404, 264, 404, 252, 429, 252, 429, 264

340, 271, 339, 257, 398, 254, 399, 268

237, 352, 219, 273, 280, 259, 299, 338

402, 301, 401, 281, 468, 277, 469, 297

343, 309, 341, 287, 394, 282, 396, 304

147, 363, 127, 303, 175, 287, 195, 347

355, 345, 351, 311, 459, 300, 462, 334

355, 369, 352, 347, 468, 335, 471, 357

