228,91,358,100,356,137,226,128
17,-5,176,8,172,55,13,41
94,118,205,122,204,160,93,156
89,186,180,187,180,205,89,204
132,472,215,459,218,476,135,490
212,127,321,131,320,166,211,162
91,374,189,364,191,383,92,393
91,76,183,81,181,120,89,115
298,364,372,358,373,375,300,381
92,339,168,333,169,350,93,356
598,212,664,207,665,223,599,228
97,448,157,440,159,456,99,465
164,297,229,293,230,311,165,315
98,528,149,519,152,537,101,547
92,303,135,302,135,317,92,319
281,399,337,392,339,409,283,416
97,487,134,483,136,500,99,505
100,255,154,253,154,270,100,271
95,412,139,407,141,423,96,428
170,330,237,325,238,343,171,349
324,137,358,137,358,167,324,167
154,403,193,399,194,414,155,419
256,329,311,327,311,345,257,348
89,266,140,264,141,280,90,283
92,223,132,222,132,237,92,238
181,261,223,260,224,278,182,280
156,439,191,434,193,450,158,455
135,222,192,222,192,238,135,238
135,262,183,262,183,279,135,280
340,392,371,388,373,402,342,406
191,87,214,89,213,119,190,118
144,299,167,299,167,316,144,316
