601,254,666,252,667,271,602,273
465,646,538,648,537,676,465,675
1031,190,1119,188,1119,207,1031,208
507,191,579,193,578,210,506,208
1009,167,1084,167,1084,188,1009,189
633,203,705,200,706,237,634,240
539,213,623,211,624,229,540,231
525,234,572,233,572,250,526,251
486,617,550,620,549,648,484,644
691,450,754,452,754,467,690,465
494,172,562,170,562,189,495,190
534,142,563,141,563,157,535,158
501,216,540,215,540,233,501,233
499,235,530,235,529,254,499,254
687,430,744,431,743,447,687,446
567,189,609,191,608,207,567,205
