221,195,369,142,392,215,243,268
267,536,360,462,375,483,281,557
419,15,432,25,385,90,373,80
630,559,650,557,655,616,635,618
423,603,459,608,443,712,407,707
506,49,568,39,571,62,509,73
717,457,777,454,778,468,718,471
361,458,419,414,430,430,372,475
552,351,599,348,600,365,553,368
682,145,731,141,732,154,683,158
709,357,756,353,757,365,710,369
540,276,587,272,588,289,541,294
528,184,576,180,577,198,529,202
296,349,347,325,353,340,302,363
712,420,753,417,754,429,713,432
717,247,767,245,767,258,718,260
700,316,737,314,738,326,701,328
695,3,728,0,729,13,696,16
353,300,384,286,388,298,358,312
664,9,697,4,699,16,666,21
278,311,316,294,322,309,283,326
373,649,390,660,356,724,339,714
309,322,347,302,353,316,315,335
70,70,84,83,38,142,24,130
730,140,763,138,764,150,730,152
259,344,287,333,292,349,264,359
318,293,349,279,355,294,324,308
780,453,812,452,813,465,781,466
341,325,370,315,375,328,345,338
762,234,790,232,791,245,763,247
343,284,372,271,378,284,348,297
285,333,311,321,317,334,291,346
697,238,728,237,728,250,697,250
