22,-12,160,52,146,86,8,20
754,97,839,55,854,90,769,132
824,57,878,34,892,73,838,95
217,269,280,267,280,283,217,284
267,202,335,201,335,216,267,217
91,278,137,271,139,286,93,292
223,285,277,283,278,299,223,301
283,265,326,264,327,279,283,281
271,242,338,240,339,256,272,258
268,226,332,223,333,239,268,241
279,283,317,282,317,297,280,298
91,292,132,287,133,304,92,308
209,312,262,310,263,327,209,328
262,308,307,306,308,322,262,324
220,246,263,245,263,258,220,259
298,182,342,185,341,200,297,198
213,188,250,186,251,201,213,203
227,228,265,227,266,241,227,242
96,193,134,190,135,205,97,207
89,253,128,249,129,264,90,268
218,204,256,203,257,218,219,219
81,310,120,306,123,334,84,339
253,186,301,186,301,201,252,200
118,305,149,300,153,328,122,333
149,305,178,302,180,323,150,325
