15,-15,160,52,146,86,1,18
754,97,840,54,855,89,769,132
823,57,879,34,893,73,837,96
217,269,282,267,282,283,217,285
265,202,334,201,335,216,266,217
278,265,327,263,327,279,279,281
991,133,1032,134,1030,236,989,235
223,285,277,283,278,299,224,301
267,225,334,223,334,239,267,242
281,283,317,282,317,297,282,298
298,182,343,184,342,200,298,198
269,242,341,240,341,256,270,259
208,311,263,310,264,327,209,329
90,291,131,287,133,304,92,308
89,277,138,271,140,287,91,293
261,308,308,306,308,322,262,324
220,246,262,245,262,259,221,260
80,311,120,306,123,334,83,339
227,228,266,227,266,242,227,242
213,188,250,186,251,201,214,203
219,204,257,203,257,218,219,219
253,186,301,187,301,201,253,200
120,307,151,303,154,327,123,331
148,304,179,301,182,321,150,325
